4;0;1741090959863;0;2488;1331;940;64;80;176;86;0;1
4;0;1741090976038;1;2488;1331;940;64;80;176;86;0;0
4;0;1741090976048;5;2488;1331;940;64;80;176;86;0;0
4;0;1741090976066;9;2488;1331;940;64;80;176;86;0;0
4;0;1741090976073;13;2488;1331;940;64;80;176;86;0;0
4;0;1741090976082;20;2488;1331;940;64;80;176;86;0;0
4;0;1741090976095;24;2488;1331;940;64;80;176;86;0;0
4;0;1741090976104;34;2488;1331;940;64;80;176;86;0;0
4;0;1741090976112;39;2488;1331;940;64;80;176;86;0;0
4;0;1741090976136;54;2488;1331;940;64;80;176;86;0;0
4;0;1741090976145;60;2488;1331;940;64;80;176;86;0;0
4;0;1741090976152;65;2488;1331;940;64;80;176;86;0;0
4;0;1741090976161;70;2488;1331;940;64;80;176;86;0;0
4;0;1741090976169;75;2488;1331;940;64;80;176;86;0;0
4;0;1741090976177;80;2488;1331;940;64;80;176;86;0;0
4;0;1741090976186;85;2488;1331;940;64;80;176;86;0;0
4;0;1741090976194;89;2488;1331;940;64;80;176;86;0;0
4;0;1741090976202;93;2488;1331;940;64;80;176;86;0;0
4;0;1741090976211;97;2488;1331;940;64;80;176;86;0;0
4;0;1741090976219;101;2488;1331;940;64;80;176;86;0;0
4;0;1741090976227;105;2488;1331;940;64;80;176;86;0;0
4;0;1741090976236;109;2488;1331;940;64;80;176;86;0;0
4;0;1741090976244;112;2488;1331;940;64;80;176;86;0;0
4;0;1741090976252;115;2488;1331;940;64;80;176;86;0;0
4;0;1741090976260;118;2488;1331;940;64;80;176;86;0;0
4;0;1741090976268;121;2488;1331;940;64;80;176;86;0;0
4;0;1741090976276;124;2488;1331;940;64;80;176;86;0;0
4;0;1741090976285;127;2488;1331;940;64;80;176;86;0;0
4;0;1741090976293;130;2488;1331;940;64;80;176;86;0;0
4;0;1741090976301;133;2488;1331;940;64;80;176;86;0;0
4;0;1741090976309;136;2488;1331;940;64;80;176;86;0;0
4;0;1741090976318;139;2488;1331;940;64;80;176;86;0;0
4;0;1741090976327;142;2488;1331;940;64;80;176;86;0;0
4;0;1741090976335;144;2488;1331;940;64;80;176;86;0;0
4;0;1741090976343;146;2488;1331;940;64;80;176;86;0;0
4;0;1741090976352;148;2488;1331;940;64;80;176;86;0;0
4;0;1741090976360;150;2488;1331;940;64;80;176;86;0;0
4;0;1741090976377;154;2488;1331;940;64;80;176;86;0;0
4;0;1741090976387;156;2488;1331;940;64;80;176;86;0;0
4;0;1741090976393;158;2488;1331;940;64;80;176;86;0;0
4;0;1741090976402;160;2488;1331;940;64;80;176;86;0;0
4;0;1741090976410;162;2488;1331;940;64;80;176;86;0;0
4;0;1741090976418;164;2488;1331;940;64;80;176;86;0;0
4;0;1741090976427;166;2488;1331;940;64;80;176;86;0;0
4;0;1741090976435;167;2488;1331;940;64;80;176;86;0;0
4;0;1741090976443;168;2488;1331;940;64;80;176;86;0;0
4;0;1741090976460;170;2488;1331;940;64;80;176;86;0;0
4;0;1741090976479;172;2488;1331;940;64;80;176;86;0;0
4;0;1741090976503;174;2488;1331;940;64;80;176;86;0;0
4;0;1741090976510;176;2488;1331;940;64;80;176;86;0;0
4;0;1741090976528;178;2488;1331;940;64;80;176;86;0;0
4;0;1741090976553;179;2488;1331;940;64;80;176;86;0;0
4;0;1741090976561;180;2488;1331;940;64;80;176;86;0;0
4;0;1741090976578;181;2488;1331;940;64;80;176;86;0;0
4;0;1741090976595;182;2488;1331;940;64;80;176;86;0;0
4;0;1741090976612;183;2488;1331;940;64;80;176;86;0;0
4;0;1741090976644;184;2488;1331;940;64;80;176;86;0;0
4;0;1741090976678;185;2488;1331;940;64;80;176;86;0;0
4;0;1741090978025;186;2488;1331;940;64;80;176;86;0;0
4;0;1741090978044;188;2488;1331;940;64;80;176;86;0;0
4;0;1741090978053;195;2488;1331;940;64;80;176;86;0;0
4;0;1741090978057;198;2488;1331;940;64;80;176;86;0;0
4;0;1741090978076;204;2488;1331;940;64;80;176;86;0;0
4;0;1741090978080;207;2488;1331;940;64;80;176;86;0;0
4;0;1741090978090;210;2488;1331;940;64;80;176;86;0;0
4;0;1741090978098;214;2488;1331;940;64;80;176;86;0;0
4;0;1741090978107;215;2488;1331;940;64;80;176;86;0;0
4;0;1741090978131;225;2488;1331;940;64;80;176;86;0;0
4;0;1741090978139;229;2488;1331;940;64;80;176;86;0;0
4;0;1741090978148;233;2488;1331;940;64;80;176;86;0;0
4;0;1741090978156;236;2488;1331;940;64;80;176;86;0;0
4;0;1741090978165;240;2488;1331;940;64;80;176;86;0;0
4;0;1741090978173;244;2488;1331;940;64;80;176;86;0;0
4;0;1741090978181;248;2488;1331;940;64;80;176;86;0;0
4;0;1741090978188;252;2488;1331;940;64;80;176;86;0;0
4;0;1741090978197;256;2488;1331;940;64;80;176;86;0;0
4;0;1741090978205;259;2488;1331;940;64;80;176;86;0;0
4;0;1741090978214;262;2488;1331;940;64;80;176;86;0;0
4;0;1741090978223;265;2488;1331;940;64;80;176;86;0;0
4;0;1741090978231;268;2488;1331;940;64;80;176;86;0;0
4;0;1741090978239;271;2488;1331;940;64;80;176;86;0;0
4;0;1741090978248;274;2488;1331;940;64;80;176;86;0;0
4;0;1741090978255;277;2488;1331;940;64;80;176;86;0;0
4;0;1741090978265;280;2488;1331;940;64;80;176;86;0;0
4;0;1741090978272;283;2488;1331;940;64;80;176;86;0;0
4;0;1741090978281;286;2488;1331;940;64;80;176;86;0;0
4;0;1741090978288;289;2488;1331;940;64;80;176;86;0;0
4;0;1741090978297;292;2488;1331;940;64;80;176;86;0;0
4;0;1741090978306;295;2488;1331;940;64;80;176;86;0;0
4;0;1741090978314;297;2488;1331;940;64;80;176;86;0;0
4;0;1741090978323;299;2488;1331;940;64;80;176;86;0;0
4;0;1741090978331;301;2488;1331;940;64;80;176;86;0;0
4;0;1741090978338;303;2488;1331;940;64;80;176;86;0;0
4;0;1741090978348;305;2488;1331;940;64;80;176;86;0;0
4;0;1741090978356;307;2488;1331;940;64;80;176;86;0;0
4;0;1741090978381;313;2488;1331;940;64;80;176;86;0;0
4;0;1741090978389;315;2488;1331;940;64;80;176;86;0;0
4;0;1741090978397;317;2488;1331;940;64;80;176;86;0;0
4;0;1741090978406;319;2488;1331;940;64;80;176;86;0;0
4;0;1741090978423;321;2488;1331;940;64;80;176;86;0;0
4;0;1741090978439;323;2488;1331;940;64;80;176;86;0;0
4;0;1741090978456;325;2488;1331;940;64;80;176;86;0;0
4;0;1741090978473;327;2488;1331;940;64;80;176;86;0;0
4;0;1741090978490;329;2488;1331;940;64;80;176;86;0;0
4;0;1741090978508;330;2488;1331;940;64;80;176;86;0;0
4;0;1741090978532;331;2488;1331;940;64;80;176;86;0;0
4;0;1741090978540;332;2488;1331;940;64;80;176;86;0;0
4;0;1741090978558;333;2488;1331;940;64;80;176;86;0;0
4;0;1741090978575;334;2488;1331;940;64;80;176;86;0;0
4;0;1741090978608;335;2488;1331;940;64;80;176;86;0;0
4;0;1741090978640;336;2488;1331;940;64;80;176;86;0;0
4;0;1741090978674;337;2488;1331;940;64;80;176;86;0;0
4;0;1741090978741;338;2488;1331;940;64;80;176;86;0;0
4;0;1741090980721;346;2488;1331;940;64;80;176;86;0;0
4;0;1741090980727;350;2488;1331;940;64;80;176;86;0;0
4;0;1741090980735;371;2488;1331;940;64;80;176;86;0;0
4;0;1741090980744;455;2488;1331;940;64;80;176;86;0;0
4;0;1741090980752;485;2488;1331;940;64;80;176;86;0;0
4;0;1741090980760;589;2488;1331;940;64;80;176;86;0;0
4;0;1741090980768;667;2488;1331;940;64;80;176;86;0;0
4;0;1741090980776;743;2488;1331;940;64;80;176;86;0;0
4;0;1741090980785;818;2488;1331;940;64;80;176;86;0;0
4;0;1741090980793;891;2488;1331;940;64;80;176;86;0;0
4;0;1741090980802;962;2488;1331;940;64;80;176;86;0;0
4;0;1741090980810;1029;2488;1331;940;64;80;176;86;0;0
4;0;1741090980818;1092;2488;1331;940;64;80;176;86;0;0
4;0;1741090980826;1154;2488;1331;940;64;80;176;86;0;0
4;0;1741090980835;1215;2488;1331;940;64;80;176;86;0;0
4;0;1741090980843;1275;2488;1331;940;64;80;176;86;0;0
4;0;1741090980851;1334;2488;1331;940;64;80;176;86;0;0
4;0;1741090980860;1392;2488;1331;940;64;80;176;86;0;0
4;0;1741090980877;1506;2488;1331;940;64;80;176;86;0;0
4;0;1741090980885;1548;2488;1331;940;64;80;176;86;0;0
4;0;1741091004289;1546;2488;1331;940;64;80;176;86;0;0
4;0;1741091004297;1544;2488;1331;940;64;80;176;86;0;0
4;0;1741091004306;1543;2488;1331;940;64;80;176;86;0;0
4;0;1741091004315;1540;2488;1331;940;64;80;176;86;0;0
4;0;1741091004323;1537;2488;1331;940;64;80;176;86;0;0
4;0;1741091004331;1535;2488;1331;940;64;80;176;86;0;0
4;0;1741091004339;1533;2488;1331;940;64;80;176;86;0;0
4;0;1741091004349;1531;2488;1331;940;64;80;176;86;0;0
4;0;1741091004356;1529;2488;1331;940;64;80;176;86;0;0
4;0;1741091004365;1528;2488;1331;940;64;80;176;86;0;0
4;0;1741091004380;1524;2488;1331;940;64;80;176;86;0;0
4;0;1741091004389;1522;2488;1331;940;64;80;176;86;0;0
4;0;1741091004399;1519;2488;1331;940;64;80;176;86;0;0
4;0;1741091004406;1517;2488;1331;940;64;80;176;86;0;0
4;0;1741091004414;1515;2488;1331;940;64;80;176;86;0;0
4;0;1741091004422;1514;2488;1331;940;64;80;176;86;0;0
4;0;1741091004430;1512;2488;1331;940;64;80;176;86;0;0
4;0;1741091011257;1510;2488;1331;940;64;80;176;86;0;0
4;0;1741091011264;1508;2488;1331;940;64;80;176;86;0;0
4;0;1741091011272;1507;2488;1331;940;64;80;176;86;0;0
4;0;1741091011280;1506;2488;1331;940;64;80;176;86;0;0
4;0;1741091011288;1505;2488;1331;940;64;80;176;86;0;0
4;0;1741091011297;1504;2488;1331;940;64;80;176;86;0;0
4;0;1741091012533;1503;2488;1331;940;64;80;176;86;0;0
4;0;1741091012540;1502;2488;1331;940;64;80;176;86;0;0
4;0;1741091013931;1501;2488;1331;940;64;80;176;86;0;0
4;0;1741091013938;1500;2488;1331;940;64;80;176;86;0;0
4;0;1741091013947;1499;2488;1331;940;64;80;176;86;0;0
4;0;1741091013957;1498;2488;1331;940;64;80;176;86;0;0
4;0;1741091013967;1497;2488;1331;940;64;80;176;86;0;0
4;0;1741091013972;1496;2488;1331;940;64;80;176;86;0;0
4;0;1741091013981;1495;2488;1331;940;64;80;176;86;0;0
4;0;1741091013990;1494;2488;1331;940;64;80;176;86;0;0
4;0;1741091013997;1493;2488;1331;940;64;80;176;86;0;0
4;0;1741091014007;1492;2488;1331;940;64;80;176;86;0;0
4;0;1741091014015;1491;2488;1331;940;64;80;176;86;0;0
4;0;1741091014065;1490;2488;1331;940;64;80;176;86;0;0
4;0;1741091014074;1488;2488;1331;940;64;80;176;86;0;0
4;0;1741091014080;1486;2488;1331;940;64;80;176;86;0;0
4;0;1741091014089;1484;2488;1331;940;64;80;176;86;0;0
4;0;1741091014097;1482;2488;1331;940;64;80;176;86;0;0
4;0;1741091014105;1481;2488;1331;940;64;80;176;86;0;0
4;0;1741091014131;1474;2488;1331;940;64;80;176;86;0;0
4;0;1741091014141;1473;2488;1331;940;64;80;176;86;0;0
4;0;1741091014148;1472;2488;1331;940;64;80;176;86;0;0
4;0;1741091014156;1469;2488;1331;940;64;80;176;86;0;0
4;0;1741091014163;1467;2488;1331;940;64;80;176;86;0;0
4;0;1741091014173;1466;2488;1331;940;64;80;176;86;0;0
4;0;1741091014181;1463;2488;1331;940;64;80;176;86;0;0
4;0;1741091014190;1461;2488;1331;940;64;80;176;86;0;0
4;0;1741091014198;1459;2488;1331;940;64;80;176;86;0;0
4;0;1741091014206;1458;2488;1331;940;64;80;176;86;0;0
4;0;1741091014214;1457;2488;1331;940;64;80;176;86;0;0
4;0;1741091014221;1454;2488;1331;940;64;80;176;86;0;0
4;0;1741091014231;1452;2488;1331;940;64;80;176;86;0;0
4;0;1741091014239;1450;2488;1331;940;64;80;176;86;0;0
4;0;1741091014249;1448;2488;1331;940;64;80;176;86;0;0
4;0;1741091014256;1446;2488;1331;940;64;80;176;86;0;0
4;0;1741091014264;1444;2488;1331;940;64;80;176;86;0;0
4;0;1741091014272;1442;2488;1331;940;64;80;176;86;0;0
4;0;1741091014281;1441;2488;1331;940;64;80;176;86;0;0
4;0;1741091014289;1440;2488;1331;940;64;80;176;86;0;0
4;0;1741091014299;1439;2488;1331;940;64;80;176;86;0;0
4;0;1741091014306;1436;2488;1331;940;64;80;176;86;0;0
4;0;1741091014315;1435;2488;1331;940;64;80;176;86;0;0
4;0;1741091014322;1432;2488;1331;940;64;80;176;86;0;0
4;0;1741091014332;1430;2488;1331;940;64;80;176;86;0;0
4;0;1741091014338;1428;2488;1331;940;64;80;176;86;0;0
4;0;1741091014349;1427;2488;1331;940;64;80;176;86;0;0
4;0;1741091014356;1426;2488;1331;940;64;80;176;86;0;0
4;0;1741091014380;1421;2488;1331;940;64;80;176;86;0;0
4;0;1741091014389;1419;2488;1331;940;64;80;176;86;0;0
4;0;1741091014399;1416;2488;1331;940;64;80;176;86;0;0
4;0;1741091014405;1415;2488;1331;940;64;80;176;86;0;0
4;0;1741091014415;1412;2488;1331;940;64;80;176;86;0;0
4;0;1741091014423;1411;2488;1331;940;64;80;176;86;0;0
4;0;1741091014431;1410;2488;1331;940;64;80;176;86;0;0
4;0;1741091014440;1409;2488;1331;940;64;80;176;86;0;0
4;0;1741091014448;1407;2488;1331;940;64;80;176;86;0;0
4;0;1741091014456;1405;2488;1331;940;64;80;176;86;0;0
4;0;1741091014465;1403;2488;1331;940;64;80;176;86;0;0
4;0;1741091014473;1402;2488;1331;940;64;80;176;86;0;0
4;0;1741091014481;1399;2488;1331;940;64;80;176;86;0;0
4;0;1741091014489;1397;2488;1331;940;64;80;176;86;0;0
4;0;1741091014499;1395;2488;1331;940;64;80;176;86;0;0
4;0;1741091014507;1393;2488;1331;940;64;80;176;86;0;0
4;0;1741091014514;1391;2488;1331;940;64;80;176;86;0;0
4;0;1741091014523;1389;2488;1331;940;64;80;176;86;0;0
4;0;1741091014531;1387;2488;1331;940;64;80;176;86;0;0
4;0;1741091014540;1385;2488;1331;940;64;80;176;86;0;0
4;0;1741091014548;1383;2488;1331;940;64;80;176;86;0;0
4;0;1741091014556;1381;2488;1331;940;64;80;176;86;0;0
4;0;1741091014564;1379;2488;1331;940;64;80;176;86;0;0
4;0;1741091014573;1378;2488;1331;940;64;80;176;86;0;0
4;0;1741091014582;1377;2488;1331;940;64;80;176;86;0;0
4;0;1741091014590;1376;2488;1331;940;64;80;176;86;0;0
4;0;1741091014598;1373;2488;1331;940;64;80;176;86;0;0
4;0;1741091014606;1371;2488;1331;940;64;80;176;86;0;0
4;0;1741091014631;1366;2488;1331;940;64;80;176;86;0;0
4;0;1741091014640;1364;2488;1331;940;64;80;176;86;0;0
4;0;1741091014647;1361;2488;1331;940;64;80;176;86;0;0
4;0;1741091014655;1359;2488;1331;940;64;80;176;86;0;0
4;0;1741091014665;1357;2488;1331;940;64;80;176;86;0;0
4;0;1741091014673;1355;2488;1331;940;64;80;176;86;0;0
4;0;1741091014681;1353;2488;1331;940;64;80;176;86;0;0
4;0;1741091014690;1351;2488;1331;940;64;80;176;86;0;0
4;0;1741091014698;1349;2488;1331;940;64;80;176;86;0;0
4;0;1741091014706;1347;2488;1331;940;64;80;176;86;0;0
4;0;1741091014715;1346;2488;1331;940;64;80;176;86;0;0
4;0;1741091015166;1344;2488;1331;940;64;80;176;86;0;0
4;0;1741091015172;1341;2488;1331;940;64;80;176;86;0;0
4;0;1741091015183;1340;2488;1331;940;64;80;176;86;0;0
4;0;1741091015190;1337;2488;1331;940;64;80;176;86;0;0
4;0;1741091015197;1336;2488;1331;940;64;80;176;86;0;0
4;0;1741091015207;1335;2488;1331;940;64;80;176;86;0;0
4;0;1741091015215;1330;2488;1331;940;64;80;176;86;0;0
4;0;1741091015223;1328;2488;1331;940;64;80;176;86;0;0
4;0;1741091015232;1325;2488;1331;940;64;80;176;86;0;0
4;0;1741091015240;1322;2488;1331;940;64;80;176;86;0;0
4;0;1741091015248;1320;2488;1331;940;64;80;176;86;0;0
4;0;1741091015256;1318;2488;1331;940;64;80;176;86;0;0
4;0;1741091015264;1316;2488;1331;940;64;80;176;86;0;0
4;0;1741091015273;1313;2488;1331;940;64;80;176;86;0;0
4;0;1741091015281;1311;2488;1331;940;64;80;176;86;0;0
4;0;1741091015290;1309;2488;1331;940;64;80;176;86;0;0
4;0;1741091015298;1307;2488;1331;940;64;80;176;86;0;0
4;0;1741091015306;1305;2488;1331;940;64;80;176;86;0;0
4;0;1741091015315;1303;2488;1331;940;64;80;176;86;0;0
4;0;1741091015324;1301;2488;1331;940;64;80;176;86;0;0
4;0;1741091015333;1299;2488;1331;940;64;80;176;86;0;0
4;0;1741091015340;1297;2488;1331;940;64;80;176;86;0;0
4;0;1741091015350;1295;2488;1331;940;64;80;176;86;0;0
4;0;1741091015356;1293;2488;1331;940;64;80;176;86;0;0
4;0;1741091015398;1287;2488;1331;940;64;80;176;86;0;0
4;0;1741091015414;1285;2488;1331;940;64;80;176;86;0;0
4;0;1741091015431;1283;2488;1331;940;64;80;176;86;0;0
4;0;1741091015448;1281;2488;1331;940;64;80;176;86;0;0
4;0;1741091015458;1279;2488;1331;940;64;80;176;86;0;0
4;0;1741091015480;1278;2488;1331;940;64;80;176;86;0;0
4;0;1741091015492;1277;2488;1331;940;64;80;176;86;0;0
4;0;1741091015508;1276;2488;1331;940;64;80;176;86;0;0
4;0;1741091015532;1275;2488;1331;940;64;80;176;86;0;0
4;0;1741091015543;1274;2488;1331;940;64;80;176;86;0;0
4;0;1741091015559;1273;2488;1331;940;64;80;176;86;0;0
4;0;1741091015592;1272;2488;1331;940;64;80;176;86;0;0
4;0;1741091015665;1270;2488;1331;940;64;80;176;86;0;0
4;0;1741091015732;1269;2488;1331;940;64;80;176;86;0;0
4;0;1741091017182;1267;2488;1331;940;64;80;176;86;0;0
4;0;1741091017188;1265;2488;1331;940;64;80;176;86;0;0
4;0;1741091017197;1264;2488;1331;940;64;80;176;86;0;0
4;0;1741091017206;1262;2488;1331;940;64;80;176;86;0;0
4;0;1741091017214;1259;2488;1331;940;64;80;176;86;0;0
4;0;1741091017223;1257;2488;1331;940;64;80;176;86;0;0
4;0;1741091017231;1255;2488;1331;940;64;80;176;86;0;0
4;0;1741091017240;1253;2488;1331;940;64;80;176;86;0;0
4;0;1741091017248;1252;2488;1331;940;64;80;176;86;0;0
4;0;1741091017264;1251;2488;1331;940;64;80;176;86;0;0
4;0;1741091017274;1250;2488;1331;940;64;80;176;86;0;0
4;0;1741091019652;1249;2488;1331;940;64;80;176;86;0;0
4;0;1741091019690;1247;2488;1331;940;64;80;176;86;0;0
4;0;1741091019700;1245;2488;1331;940;64;80;176;86;0;0
4;0;1741091020034;1244;2488;1331;940;64;80;176;86;0;0
4;0;1741091020041;1243;2488;1331;940;64;80;176;86;0;0
4;0;1741091020050;1242;2488;1331;940;64;80;176;86;0;0
4;0;1741091020107;1241;2488;1331;940;64;80;176;86;0;0
4;0;1741091020140;1239;2488;1331;940;64;80;176;86;0;0
4;0;1741091020148;1238;2488;1331;940;64;80;176;86;0;0
4;0;1741091020209;1237;2488;1331;940;64;80;176;86;0;0
4;0;1741091020215;1236;2488;1331;940;64;80;176;86;0;0
4;0;1741091020224;1235;2488;1331;940;64;80;176;86;0;0
4;0;1741091020233;1234;2488;1331;940;64;80;176;86;0;0
4;0;1741091020239;1231;2488;1331;940;64;80;176;86;0;0
4;0;1741091020248;1230;2488;1331;940;64;80;176;86;0;0
4;0;1741091020258;1228;2488;1331;940;64;80;176;86;0;0
4;0;1741091020264;1227;2488;1331;940;64;80;176;86;0;0
4;0;1741091020274;1225;2488;1331;940;64;80;176;86;0;0
4;0;1741091020281;1224;2488;1331;940;64;80;176;86;0;0
4;0;1741091020289;1223;2488;1331;940;64;80;176;86;0;0
4;0;1741091020298;1222;2488;1331;940;64;80;176;86;0;0
4;0;1741091020341;1221;2488;1331;940;64;80;176;86;0;0
4;0;1741091020349;1220;2488;1331;940;64;80;176;86;0;0
4;0;1741091020356;1217;2488;1331;940;64;80;176;86;0;0
4;0;1741091020381;1211;2488;1331;940;64;80;176;86;0;0
4;0;1741091020389;1209;2488;1331;940;64;80;176;86;0;0
4;0;1741091020398;1208;2488;1331;940;64;80;176;86;0;0
4;0;1741091020406;1207;2488;1331;940;64;80;176;86;0;0
4;0;1741091020415;1205;2488;1331;940;64;80;176;86;0;0
4;0;1741091020423;1204;2488;1331;940;64;80;176;86;0;0
4;0;1741091020431;1201;2488;1331;940;64;80;176;86;0;0
4;0;1741091020439;1199;2488;1331;940;64;80;176;86;0;0
4;0;1741091020448;1198;2488;1331;940;64;80;176;86;0;0
4;0;1741091020464;1197;2488;1331;940;64;80;176;86;0;0
4;0;1741091020473;1196;2488;1331;940;64;80;176;86;0;0
4;0;1741091020493;1195;2488;1331;940;64;80;176;86;0;0
4;0;1741091020497;1194;2488;1331;940;64;80;176;86;0;0
4;0;1741091020506;1193;2488;1331;940;64;80;176;86;0;0
4;0;1741091020515;1191;2488;1331;940;64;80;176;86;0;0
4;0;1741091020524;1190;2488;1331;940;64;80;176;86;0;0
4;0;1741091020531;1187;2488;1331;940;64;80;176;86;0;0
4;0;1741091020539;1185;2488;1331;940;64;80;176;86;0;0
4;0;1741091020548;1184;2488;1331;940;64;80;176;86;0;0
4;0;1741091020556;1182;2488;1331;940;64;80;176;86;0;0
4;0;1741091020564;1180;2488;1331;940;64;80;176;86;0;0
4;0;1741091020573;1178;2488;1331;940;64;80;176;86;0;0
4;0;1741091020582;1176;2488;1331;940;64;80;176;86;0;0
4;0;1741091020589;1174;2488;1331;940;64;80;176;86;0;0
4;0;1741091020598;1172;2488;1331;940;64;80;176;86;0;0
4;0;1741091020607;1170;2488;1331;940;64;80;176;86;0;0
4;0;1741091020632;1165;2488;1331;940;64;80;176;86;0;0
4;0;1741091020640;1164;2488;1331;940;64;80;176;86;0;0
4;0;1741091020648;1162;2488;1331;940;64;80;176;86;0;0
4;0;1741091020656;1160;2488;1331;940;64;80;176;86;0;0
4;0;1741091020664;1158;2488;1331;940;64;80;176;86;0;0
4;0;1741091020673;1156;2488;1331;940;64;80;176;86;0;0
4;0;1741091020692;1155;2488;1331;940;64;80;176;86;0;0
4;0;1741091020708;1154;2488;1331;940;64;80;176;86;0;0
4;0;1741091022169;1153;2488;1331;940;64;80;176;86;0;0
4;0;1741091022173;1152;2488;1331;940;64;80;176;86;0;0
4;0;1741091022207;1151;2488;1331;940;64;80;176;86;0;0
4;0;1741091022214;1150;2488;1331;940;64;80;176;86;0;0
4;0;1741091022223;1149;2488;1331;940;64;80;176;86;0;0
4;0;1741091022233;1148;2488;1331;940;64;80;176;86;0;0
4;0;1741091022240;1146;2488;1331;940;64;80;176;86;0;0
4;0;1741091022248;1144;2488;1331;940;64;80;176;86;0;0
4;0;1741091022258;1142;2488;1331;940;64;80;176;86;0;0
4;0;1741091022263;1140;2488;1331;940;64;80;176;86;0;0
4;0;1741091022273;1138;2488;1331;940;64;80;176;86;0;0
4;0;1741091022281;1136;2488;1331;940;64;80;176;86;0;0
4;0;1741091022289;1134;2488;1331;940;64;80;176;86;0;0
4;0;1741091022357;1133;2488;1331;940;64;80;176;86;0;0
4;0;1741091024132;1129;2488;1331;940;64;80;176;86;0;0
4;0;1741091024140;1126;2488;1331;940;64;80;176;86;0;0
4;0;1741091024148;1124;2488;1331;940;64;80;176;86;0;0
4;0;1741091024156;1122;2488;1331;940;64;80;176;86;0;0
4;0;1741091024165;1120;2488;1331;940;64;80;176;86;0;0
4;0;1741091024174;1119;2488;1331;940;64;80;176;86;0;0
4;0;1741091024181;1117;2488;1331;940;64;80;176;86;0;0
4;0;1741091024191;1116;2488;1331;940;64;80;176;86;0;0
4;0;1741091024198;1115;2488;1331;940;64;80;176;86;0;0
4;0;1741091024206;1114;2488;1331;940;64;80;176;86;0;0
4;0;1741091024215;1112;2488;1331;940;64;80;176;86;0;0
4;0;1741091024257;1111;2488;1331;940;64;80;176;86;0;0
4;0;1741091024422;1110;2488;1331;940;64;80;176;86;0;0
4;0;1741091024432;1109;2488;1331;940;64;80;176;86;0;0
4;0;1741091024440;1108;2488;1331;940;64;80;176;86;0;0
4;0;1741091024448;1106;2488;1331;940;64;80;176;86;0;0
4;0;1741091024456;1104;2488;1331;940;64;80;176;86;0;0
4;0;1741091024465;1102;2488;1331;940;64;80;176;86;0;0
4;0;1741091024473;1101;2488;1331;940;64;80;176;86;0;0
4;0;1741091024481;1099;2488;1331;940;64;80;176;86;0;0
4;0;1741091024490;1098;2488;1331;940;64;80;176;86;0;0
4;0;1741091024499;1095;2488;1331;940;64;80;176;86;0;0
4;0;1741091024506;1093;2488;1331;940;64;80;176;86;0;0
4;0;1741091024514;1091;2488;1331;940;64;80;176;86;0;0
4;0;1741091024817;1090;2488;1331;940;64;80;176;86;0;0
4;0;1741091024831;1089;2488;1331;940;64;80;176;86;0;0
4;0;1741091024839;1088;2488;1331;940;64;80;176;86;0;0
4;0;1741091024849;1086;2488;1331;940;64;80;176;86;0;0
4;0;1741091024855;1083;2488;1331;940;64;80;176;86;0;0
4;0;1741091024881;1079;2488;1331;940;64;80;176;86;0;0
4;0;1741091024889;1077;2488;1331;940;64;80;176;86;0;0
4;0;1741091024898;1074;2488;1331;940;64;80;176;86;0;0
4;0;1741091024906;1072;2488;1331;940;64;80;176;86;0;0
4;0;1741091024914;1070;2488;1331;940;64;80;176;86;0;0
4;0;1741091024923;1068;2488;1331;940;64;80;176;86;0;0
4;0;1741091024931;1066;2488;1331;940;64;80;176;86;0;0
4;0;1741091024940;1064;2488;1331;940;64;80;176;86;0;0
4;0;1741091024948;1063;2488;1331;940;64;80;176;86;0;0
4;0;1741091024956;1061;2488;1331;940;64;80;176;86;0;0
4;0;1741091024965;1059;2488;1331;940;64;80;176;86;0;0
4;0;1741091024974;1058;2488;1331;940;64;80;176;86;0;0
4;0;1741091024981;1055;2488;1331;940;64;80;176;86;0;0
4;0;1741091024990;1053;2488;1331;940;64;80;176;86;0;0
4;0;1741091024998;1051;2488;1331;940;64;80;176;86;0;0
4;0;1741091025006;1049;2488;1331;940;64;80;176;86;0;0
4;0;1741091025015;1048;2488;1331;940;64;80;176;86;0;0
4;0;1741091025024;1047;2488;1331;940;64;80;176;86;0;0
4;0;1741091025031;1044;2488;1331;940;64;80;176;86;0;0
4;0;1741091025040;1043;2488;1331;940;64;80;176;86;0;0
4;0;1741091025049;1042;2488;1331;940;64;80;176;86;0;0
4;0;1741091025056;1041;2488;1331;940;64;80;176;86;0;0
4;0;1741091025101;1040;2488;1331;940;64;80;176;86;0;0
4;0;1741091025105;1039;2488;1331;940;64;80;176;86;0;0
4;0;1741091025140;1037;2488;1331;940;64;80;176;86;0;0
4;0;1741091025150;1036;2488;1331;940;64;80;176;86;0;0
4;0;1741091025156;1035;2488;1331;940;64;80;176;86;0;0
4;0;1741091025192;1034;2488;1331;940;64;80;176;86;0;0
4;0;1741091025198;1033;2488;1331;940;64;80;176;86;0;0
4;0;1741091025608;1032;2488;1331;940;64;80;176;86;0;0
4;0;1741091025640;1027;2488;1331;940;64;80;176;86;0;0
4;0;1741091025650;1026;2488;1331;940;64;80;176;86;0;0
4;0;1741091025655;1023;2488;1331;940;64;80;176;86;0;0
4;0;1741091025667;1022;2488;1331;940;64;80;176;86;0;0
4;0;1741091025672;1019;2488;1331;940;64;80;176;86;0;0
4;0;1741091025681;1018;2488;1331;940;64;80;176;86;0;0
4;0;1741091025690;1016;2488;1331;940;64;80;176;86;0;0
4;0;1741091025698;1014;2488;1331;940;64;80;176;86;0;0
4;0;1741091025707;1012;2488;1331;940;64;80;176;86;0;0
4;0;1741091025714;1010;2488;1331;940;64;80;176;86;0;0
4;0;1741091025723;1008;2488;1331;940;64;80;176;86;0;0
4;0;1741091025731;1006;2488;1331;940;64;80;176;86;0;0
4;0;1741091025739;1004;2488;1331;940;64;80;176;86;0;0
4;0;1741091025749;1002;2488;1331;940;64;80;176;86;0;0
4;0;1741091025757;1000;2488;1331;940;64;80;176;86;0;0
4;0;1741091025765;999;2488;1331;940;64;80;176;86;0;0
4;0;1741091025773;997;2488;1331;940;64;80;176;86;0;0
4;0;1741091025782;995;2488;1331;940;64;80;176;86;0;0
4;0;1741091025790;993;2488;1331;940;64;80;176;86;0;0
4;0;1741091025798;991;2488;1331;940;64;80;176;86;0;0
4;0;1741091025806;989;2488;1331;940;64;80;176;86;0;0
4;0;1741091025816;988;2488;1331;940;64;80;176;86;0;0
4;0;1741091025889;986;2488;1331;940;64;80;176;86;0;0
4;0;1741091025898;985;2488;1331;940;64;80;176;86;0;0
4;0;1741091025906;983;2488;1331;940;64;80;176;86;0;0
4;0;1741091025914;982;2488;1331;940;64;80;176;86;0;0
4;0;1741091025923;980;2488;1331;940;64;80;176;86;0;0
4;0;1741091025931;979;2488;1331;940;64;80;176;86;0;0
4;0;1741091025939;976;2488;1331;940;64;80;176;86;0;0
4;0;1741091025949;974;2488;1331;940;64;80;176;86;0;0
4;0;1741091025956;972;2488;1331;940;64;80;176;86;0;0
4;0;1741091025965;970;2488;1331;940;64;80;176;86;0;0
4;0;1741091025973;968;2488;1331;940;64;80;176;86;0;0
4;0;1741091025981;966;2488;1331;940;64;80;176;86;0;0
4;0;1741091025990;965;2488;1331;940;64;80;176;86;0;0
4;0;1741091025998;963;2488;1331;940;64;80;176;86;0;0
4;0;1741091028611;962;2488;1331;940;64;80;176;86;0;0
4;0;1741091028622;960;2488;1331;940;64;80;176;86;0;0
4;0;1741091028630;958;2488;1331;940;64;80;176;86;0;0
4;0;1741091028640;955;2488;1331;940;64;80;176;86;0;0
4;0;1741091028648;954;2488;1331;940;64;80;176;86;0;0
4;0;1741091028656;952;2488;1331;940;64;80;176;86;0;0
4;0;1741091028666;950;2488;1331;940;64;80;176;86;0;0
4;0;1741091028673;948;2488;1331;940;64;80;176;86;0;0
4;0;1741091028682;946;2488;1331;940;64;80;176;86;0;0
4;0;1741091028691;945;2488;1331;940;64;80;176;86;0;0
4;0;1741091028697;942;2488;1331;940;64;80;176;86;0;0
4;0;1741091028706;940;2488;1331;940;64;80;176;86;0;0
4;0;1741091028714;939;2488;1331;940;64;80;176;86;0;0
4;0;1741091028724;938;2488;1331;940;64;80;176;86;0;0
4;0;1741091028733;937;2488;1331;940;64;80;176;86;0;0
4;0;1741091028773;936;2488;1331;940;64;80;176;86;0;0
4;0;1741091028781;935;2488;1331;940;64;80;176;86;0;0
4;0;1741091029215;934;2488;1331;940;64;80;176;86;0;0
4;0;1741091029222;933;2488;1331;940;64;80;176;86;0;0
4;0;1741091029230;931;2488;1331;940;64;80;176;86;0;0
4;0;1741091029239;929;2488;1331;940;64;80;176;86;0;0
4;0;1741091029251;927;2488;1331;940;64;80;176;86;0;0
4;0;1741091029256;926;2488;1331;940;64;80;176;86;0;0
4;0;1741091029266;925;2488;1331;940;64;80;176;86;0;0
4;0;1741091029272;924;2488;1331;940;64;80;176;86;0;0
4;0;1741091029281;923;2488;1331;940;64;80;176;86;0;0
4;0;1741091029290;920;2488;1331;940;64;80;176;86;0;0
4;0;1741091029298;919;2488;1331;940;64;80;176;86;0;0
4;0;1741091029306;916;2488;1331;940;64;80;176;86;0;0
4;0;1741091029315;914;2488;1331;940;64;80;176;86;0;0
4;0;1741091029323;912;2488;1331;940;64;80;176;86;0;0
4;0;1741091029333;911;2488;1331;940;64;80;176;86;0;0
4;0;1741091029347;910;2488;1331;940;64;80;176;86;0;0
4;0;1741091029358;908;2488;1331;940;64;80;176;86;0;0
4;0;1741091029380;903;2488;1331;940;64;80;176;86;0;0
4;0;1741091029388;902;2488;1331;940;64;80;176;86;0;0
4;0;1741091029398;901;2488;1331;940;64;80;176;86;0;0
4;0;1741091029407;900;2488;1331;940;64;80;176;86;0;0
4;0;1741091029415;899;2488;1331;940;64;80;176;86;0;0
4;0;1741091029422;897;2488;1331;940;64;80;176;86;0;0
4;0;1741091029432;894;2488;1331;940;64;80;176;86;0;0
4;0;1741091029439;893;2488;1331;940;64;80;176;86;0;0
4;0;1741091029447;890;2488;1331;940;64;80;176;86;0;0
4;0;1741091029457;888;2488;1331;940;64;80;176;86;0;0
4;0;1741091029465;886;2488;1331;940;64;80;176;86;0;0
4;0;1741091029473;884;2488;1331;940;64;80;176;86;0;0
4;0;1741091029481;883;2488;1331;940;64;80;176;86;0;0
4;0;1741091029490;881;2488;1331;940;64;80;176;86;0;0
4;0;1741091029498;879;2488;1331;940;64;80;176;86;0;0
4;0;1741091029508;877;2488;1331;940;64;80;176;86;0;0
4;0;1741091029513;876;2488;1331;940;64;80;176;86;0;0
4;0;1741091029547;875;2488;1331;940;64;80;176;86;0;0
4;0;1741091029556;874;2488;1331;940;64;80;176;86;0;0
4;0;1741091030547;873;2488;1331;940;64;80;176;86;0;0
4;0;1741091030556;872;2488;1331;940;64;80;176;86;0;0
4;0;1741091030564;871;2488;1331;940;64;80;176;86;0;0
4;0;1741091030581;870;2488;1331;940;64;80;176;86;0;0
4;0;1741091030589;869;2488;1331;940;64;80;176;86;0;0
4;0;1741091030597;867;2488;1331;940;64;80;176;86;0;0
4;0;1741091030606;864;2488;1331;940;64;80;176;86;0;0
4;0;1741091030631;861;2488;1331;940;64;80;176;86;0;0
4;0;1741091030639;858;2488;1331;940;64;80;176;86;0;0
4;0;1741091030647;857;2488;1331;940;64;80;176;86;0;0
4;0;1741091030656;854;2488;1331;940;64;80;176;86;0;0
4;0;1741091030664;853;2488;1331;940;64;80;176;86;0;0
4;0;1741091030672;852;2488;1331;940;64;80;176;86;0;0
4;0;1741091030681;850;2488;1331;940;64;80;176;86;0;0
4;0;1741091030758;849;2488;1331;940;64;80;176;86;0;0
4;0;1741091030767;848;2488;1331;940;64;80;176;86;0;0
4;0;1741091032740;847;2488;1331;940;64;80;176;86;0;0
4;0;1741091032773;846;2488;1331;940;64;80;176;86;0;0
4;0;1741091032781;845;2488;1331;940;64;80;176;86;0;0
4;0;1741091032790;844;2488;1331;940;64;80;176;86;0;0
4;0;1741091032808;843;2488;1331;940;64;80;176;86;0;0
4;0;1741091032824;842;2488;1331;940;64;80;176;86;0;0
4;0;1741091032849;841;2488;1331;940;64;80;176;86;0;0
4;0;1741091032856;840;2488;1331;940;64;80;176;86;0;0
4;0;1741091032890;837;2488;1331;940;64;80;176;86;0;0
4;0;1741091032923;836;2488;1331;940;64;80;176;86;0;0
4;0;1741091032941;835;2488;1331;940;64;80;176;86;0;0
4;0;1741091032949;834;2488;1331;940;64;80;176;86;0;0
4;0;1741091032974;833;2488;1331;940;64;80;176;86;0;0
4;0;1741091032998;832;2488;1331;940;64;80;176;86;0;0
4;0;1741091033006;831;2488;1331;940;64;80;176;86;0;0
4;0;1741091033732;828;2488;1331;940;64;80;176;86;0;0
4;0;1741091033740;826;2488;1331;940;64;80;176;86;0;0
4;0;1741091033750;824;2488;1331;940;64;80;176;86;0;0
4;0;1741091033755;823;2488;1331;940;64;80;176;86;0;0
4;0;1741091033765;821;2488;1331;940;64;80;176;86;0;0
4;0;1741091033773;819;2488;1331;940;64;80;176;86;0;0
4;0;1741091033783;817;2488;1331;940;64;80;176;86;0;0
4;0;1741091033788;814;2488;1331;940;64;80;176;86;0;0
4;0;1741091033798;813;2488;1331;940;64;80;176;86;0;0
4;0;1741091033806;812;2488;1331;940;64;80;176;86;0;0
4;0;1741091033815;810;2488;1331;940;64;80;176;86;0;0
4;0;1741091033822;807;2488;1331;940;64;80;176;86;0;0
4;0;1741091033831;805;2488;1331;940;64;80;176;86;0;0
4;0;1741091033840;803;2488;1331;940;64;80;176;86;0;0
4;0;1741091033848;801;2488;1331;940;64;80;176;86;0;0
4;0;1741091033858;799;2488;1331;940;64;80;176;86;0;0
4;0;1741091033882;795;2488;1331;940;64;80;176;86;0;0
4;0;1741091033891;793;2488;1331;940;64;80;176;86;0;0
4;0;1741091033898;792;2488;1331;940;64;80;176;86;0;0
4;0;1741091034108;791;2488;1331;940;64;80;176;86;0;0
4;0;1741091034258;790;2488;1331;940;64;80;176;86;0;0
4;0;1741091034300;789;2488;1331;940;64;80;176;86;0;0
4;0;1741091034308;788;2488;1331;940;64;80;176;86;0;0
4;0;1741091034325;787;2488;1331;940;64;80;176;86;0;0
4;0;1741091034333;786;2488;1331;940;64;80;176;86;0;0
4;0;1741091034348;785;2488;1331;940;64;80;176;86;0;0
4;0;1741091034356;782;2488;1331;940;64;80;176;86;0;0
4;0;1741091034381;776;2488;1331;940;64;80;176;86;0;0
4;0;1741091034389;775;2488;1331;940;64;80;176;86;0;0
4;0;1741091034397;772;2488;1331;940;64;80;176;86;0;0
4;0;1741091034406;770;2488;1331;940;64;80;176;86;0;0
4;0;1741091034415;769;2488;1331;940;64;80;176;86;0;0
4;0;1741091034423;767;2488;1331;940;64;80;176;86;0;0
4;0;1741091035423;768;2488;1331;940;64;80;176;86;0;0
4;0;1741091038233;766;2488;1331;940;64;80;176;86;0;0
4;0;1741091038240;764;2488;1331;940;64;80;176;86;0;0
4;0;1741091038248;763;2488;1331;940;64;80;176;86;0;0
4;0;1741091038256;762;2488;1331;940;64;80;176;86;0;0
4;0;1741091038266;761;2488;1331;940;64;80;176;86;0;0
4;0;1741091038273;758;2488;1331;940;64;80;176;86;0;0
4;0;1741091038282;756;2488;1331;940;64;80;176;86;0;0
4;0;1741091038292;755;2488;1331;940;64;80;176;86;0;0
4;0;1741091038298;754;2488;1331;940;64;80;176;86;0;0
4;0;1741091038306;753;2488;1331;940;64;80;176;86;0;0
4;0;1741091038315;752;2488;1331;940;64;80;176;86;0;0
4;0;1741091038322;749;2488;1331;940;64;80;176;86;0;0
4;0;1741091038332;747;2488;1331;940;64;80;176;86;0;0
4;0;1741091038340;746;2488;1331;940;64;80;176;86;0;0
4;0;1741091038348;743;2488;1331;940;64;80;176;86;0;0
4;0;1741091038356;742;2488;1331;940;64;80;176;86;0;0
4;0;1741091038382;735;2488;1331;940;64;80;176;86;0;0
4;0;1741091038390;734;2488;1331;940;64;80;176;86;0;0
4;0;1741091038398;732;2488;1331;940;64;80;176;86;0;0
4;0;1741091038406;730;2488;1331;940;64;80;176;86;0;0
4;0;1741091038414;728;2488;1331;940;64;80;176;86;0;0
4;0;1741091038422;727;2488;1331;940;64;80;176;86;0;0
4;0;1741091038431;724;2488;1331;940;64;80;176;86;0;0
4;0;1741091038440;722;2488;1331;940;64;80;176;86;0;0
4;0;1741091038448;720;2488;1331;940;64;80;176;86;0;0
4;0;1741091038456;719;2488;1331;940;64;80;176;86;0;0
4;0;1741091038465;717;2488;1331;940;64;80;176;86;0;0
4;0;1741091038473;716;2488;1331;940;64;80;176;86;0;0
4;0;1741091038481;715;2488;1331;940;64;80;176;86;0;0
4;0;1741091038491;714;2488;1331;940;64;80;176;86;0;0
4;0;1741091038498;713;2488;1331;940;64;80;176;86;0;0
4;0;1741091038508;712;2488;1331;940;64;80;176;86;0;0
4;0;1741091038543;711;2488;1331;940;64;80;176;86;0;0
4;0;1741091038650;710;2488;1331;940;64;80;176;86;0;0
4;0;1741091038656;709;2488;1331;940;64;80;176;86;0;0
4;0;1741091038732;708;2488;1331;940;64;80;176;86;0;0
4;0;1741091038741;707;2488;1331;940;64;80;176;86;0;0
4;0;1741091038833;706;2488;1331;940;64;80;176;86;0;0
4;0;1741091038840;705;2488;1331;940;64;80;176;86;0;0
4;0;1741091038902;704;2488;1331;940;64;80;176;86;0;0
4;0;1741091038906;703;2488;1331;940;64;80;176;86;0;0
4;0;1741091038949;701;2488;1331;940;64;80;176;86;0;0
4;0;1741091038990;700;2488;1331;940;64;80;176;86;0;0
4;0;1741091039108;699;2488;1331;940;64;80;176;86;0;0
4;0;1741091039216;696;2488;1331;940;64;80;176;86;0;0
4;0;1741091039333;695;2488;1331;940;64;80;176;86;0;0
4;0;1741091039339;694;2488;1331;940;64;80;176;86;0;0
4;0;1741091039841;693;2488;1331;940;64;80;176;86;0;0
4;0;1741091039881;691;2488;1331;940;64;80;176;86;0;0
4;0;1741091039932;690;2488;1331;940;64;80;176;86;0;0
4;0;1741091039940;689;2488;1331;940;64;80;176;86;0;0
4;0;1741091040050;688;2488;1331;940;64;80;176;86;0;0
4;0;1741091040058;687;2488;1331;940;64;80;176;86;0;0
4;0;1741091040139;686;2488;1331;940;64;80;176;86;0;0
4;0;1741091040148;685;2488;1331;940;64;80;176;86;0;0
4;0;1741091040189;684;2488;1331;940;64;80;176;86;0;0
4;0;1741091040198;683;2488;1331;940;64;80;176;86;0;0
4;0;1741091040215;682;2488;1331;940;64;80;176;86;0;0
4;0;1741091040234;681;2488;1331;940;64;80;176;86;0;0
4;0;1741091040239;680;2488;1331;940;64;80;176;86;0;0
4;0;1741091040257;679;2488;1331;940;64;80;176;86;0;0
4;0;1741091040264;678;2488;1331;940;64;80;176;86;0;0
4;0;1741091040274;677;2488;1331;940;64;80;176;86;0;0
4;0;1741091040281;676;2488;1331;940;64;80;176;86;0;0
4;0;1741091040292;675;2488;1331;940;64;80;176;86;0;0
4;0;1741091040298;674;2488;1331;940;64;80;176;86;0;0
4;0;1741091040308;673;2488;1331;940;64;80;176;86;0;0
4;0;1741091040315;672;2488;1331;940;64;80;176;86;0;0
4;0;1741091040331;669;2488;1331;940;64;80;176;86;0;0
4;0;1741091040339;668;2488;1331;940;64;80;176;86;0;0
4;0;1741091040357;666;2488;1331;940;64;80;176;86;0;0
4;0;1741091040382;663;2488;1331;940;64;80;176;86;0;0
4;0;1741091040392;662;2488;1331;940;64;80;176;86;0;0
4;0;1741091040399;661;2488;1331;940;64;80;176;86;0;0
4;0;1741091040408;660;2488;1331;940;64;80;176;86;0;0
4;0;1741091040425;658;2488;1331;940;64;80;176;86;0;0
4;0;1741091040448;656;2488;1331;940;64;80;176;86;0;0
4;0;1741091040465;655;2488;1331;940;64;80;176;86;0;0
4;0;1741091040474;654;2488;1331;940;64;80;176;86;0;0
4;0;1741091040489;653;2488;1331;940;64;80;176;86;0;0
4;0;1741091040498;652;2488;1331;940;64;80;176;86;0;0
4;0;1741091040509;651;2488;1331;940;64;80;176;86;0;0
4;0;1741091040514;650;2488;1331;940;64;80;176;86;0;0
4;0;1741091040572;648;2488;1331;940;64;80;176;86;0;0
4;0;1741091040591;647;2488;1331;940;64;80;176;86;0;0
4;0;1741091040631;646;2488;1331;940;64;80;176;86;0;0
4;0;1741091040638;645;2488;1331;940;64;80;176;86;0;0
4;0;1741091040667;644;2488;1331;940;64;80;176;86;0;0
4;0;1741091040682;643;2488;1331;940;64;80;176;86;0;0
4;0;1741091040716;641;2488;1331;940;64;80;176;86;0;0
4;0;1741091040748;640;2488;1331;940;64;80;176;86;0;0
4;0;1741091040756;639;2488;1331;940;64;80;176;86;0;0
4;0;1741091040809;638;2488;1331;940;64;80;176;86;0;0
4;0;1741091040814;637;2488;1331;940;64;80;176;86;0;0
4;0;1741091040881;635;2488;1331;940;64;80;176;86;0;0
4;0;1741091040901;634;2488;1331;940;64;80;176;86;0;0
4;0;1741091040914;633;2488;1331;940;64;80;176;86;0;0
4;0;1741091040922;632;2488;1331;940;64;80;176;86;0;0
4;0;1741091040948;631;2488;1331;940;64;80;176;86;0;0
4;0;1741091040965;630;2488;1331;940;64;80;176;86;0;0
4;0;1741091040972;629;2488;1331;940;64;80;176;86;0;0
4;0;1741091040989;628;2488;1331;940;64;80;176;86;0;0
4;0;1741091040999;627;2488;1331;940;64;80;176;86;0;0
4;0;1741091041014;626;2488;1331;940;64;80;176;86;0;0
4;0;1741091041023;624;2488;1331;940;64;80;176;86;0;0
4;0;1741091041032;623;2488;1331;940;64;80;176;86;0;0
4;0;1741091041056;622;2488;1331;940;64;80;176;86;0;0
4;0;1741091041064;621;2488;1331;940;64;80;176;86;0;0
4;0;1741091041075;619;2488;1331;940;64;80;176;86;0;0
4;0;1741091041106;618;2488;1331;940;64;80;176;86;0;0
4;0;1741091041131;616;2488;1331;940;64;80;176;86;0;0
4;0;1741091041150;615;2488;1331;940;64;80;176;86;0;0
4;0;1741091041156;614;2488;1331;940;64;80;176;86;0;0
4;0;1741091041191;613;2488;1331;940;64;80;176;86;0;0
4;0;1741091041206;612;2488;1331;940;64;80;176;86;0;0
4;0;1741091041214;611;2488;1331;940;64;80;176;86;0;0
4;0;1741091041231;610;2488;1331;940;64;80;176;86;0;0
4;0;1741091041241;609;2488;1331;940;64;80;176;86;0;0
4;0;1741091041258;608;2488;1331;940;64;80;176;86;0;0
4;0;1741091041277;607;2488;1331;940;64;80;176;86;0;0
4;0;1741091041290;606;2488;1331;940;64;80;176;86;0;0
4;0;1741091041299;605;2488;1331;940;64;80;176;86;0;0
4;0;1741091041307;604;2488;1331;940;64;80;176;86;0;0
4;0;1741091041331;603;2488;1331;940;64;80;176;86;0;0
4;0;1741091041348;601;2488;1331;940;64;80;176;86;0;0
4;0;1741091041357;600;2488;1331;940;64;80;176;86;0;0
4;0;1741091041383;597;2488;1331;940;64;80;176;86;0;0
4;0;1741091041415;596;2488;1331;940;64;80;176;86;0;0
4;0;1741091041438;595;2488;1331;940;64;80;176;86;0;0
4;0;1741091041448;594;2488;1331;940;64;80;176;86;0;0
4;0;1741091041456;592;2488;1331;940;64;80;176;86;0;0
4;0;1741091041498;591;2488;1331;940;64;80;176;86;0;0
4;0;1741091041515;590;2488;1331;940;64;80;176;86;0;0
4;0;1741091041524;589;2488;1331;940;64;80;176;86;0;0
4;0;1741091041542;587;2488;1331;940;64;80;176;86;0;0
4;0;1741091041550;585;2488;1331;940;64;80;176;86;0;0
4;0;1741091041567;584;2488;1331;940;64;80;176;86;0;0
4;0;1741091041573;583;2488;1331;940;64;80;176;86;0;0
4;0;1741091041595;582;2488;1331;940;64;80;176;86;0;0
4;0;1741091041598;581;2488;1331;940;64;80;176;86;0;0
4;0;1741091041631;579;2488;1331;940;64;80;176;86;0;0
4;0;1741091041639;578;2488;1331;940;64;80;176;86;0;0
4;0;1741091041656;577;2488;1331;940;64;80;176;86;0;0
4;0;1741091041667;576;2488;1331;940;64;80;176;86;0;0
4;0;1741091041682;574;2488;1331;940;64;80;176;86;0;0
4;0;1741091041707;573;2488;1331;940;64;80;176;86;0;0
4;0;1741091041716;572;2488;1331;940;64;80;176;86;0;0
4;0;1741091041732;571;2488;1331;940;64;80;176;86;0;0
4;0;1741091041741;570;2488;1331;940;64;80;176;86;0;0
4;0;1741091041748;569;2488;1331;940;64;80;176;86;0;0
4;0;1741091041758;568;2488;1331;940;64;80;176;86;0;0
4;0;1741091041765;567;2488;1331;940;64;80;176;86;0;0
4;0;1741091041781;565;2488;1331;940;64;80;176;86;0;0
4;0;1741091041793;564;2488;1331;940;64;80;176;86;0;0
4;0;1741091041823;562;2488;1331;940;64;80;176;86;0;0
4;0;1741091041831;561;2488;1331;940;64;80;176;86;0;0
4;0;1741091041841;559;2488;1331;940;64;80;176;86;0;0
4;0;1741091041847;558;2488;1331;940;64;80;176;86;0;0
4;0;1741091041856;557;2488;1331;940;64;80;176;86;0;0
4;0;1741091041882;555;2488;1331;940;64;80;176;86;0;0
4;0;1741091041900;554;2488;1331;940;64;80;176;86;0;0
4;0;1741091041906;553;2488;1331;940;64;80;176;86;0;0
4;0;1741091041918;552;2488;1331;940;64;80;176;86;0;0
4;0;1741091041923;551;2488;1331;940;64;80;176;86;0;0
4;0;1741091041935;550;2488;1331;940;64;80;176;86;0;0
4;0;1741091041951;548;2488;1331;940;64;80;176;86;0;0
4;0;1741091041965;547;2488;1331;940;64;80;176;86;0;0
4;0;1741091041974;546;2488;1331;940;64;80;176;86;0;0
4;0;1741091041990;545;2488;1331;940;64;80;176;86;0;0
4;0;1741091041998;544;2488;1331;940;64;80;176;86;0;0
4;0;1741091042009;543;2488;1331;940;64;80;176;86;0;0
4;0;1741091042014;542;2488;1331;940;64;80;176;86;0;0
4;0;1741091042034;541;2488;1331;940;64;80;176;86;0;0
4;0;1741091042039;540;2488;1331;940;64;80;176;86;0;0
4;0;1741091042067;539;2488;1331;940;64;80;176;86;0;0
4;0;1741091042073;538;2488;1331;940;64;80;176;86;0;0
4;0;1741091042140;536;2488;1331;940;64;80;176;86;0;0
4;0;1741091042157;535;2488;1331;940;64;80;176;86;0;0
4;0;1741091042164;534;2488;1331;940;64;80;176;86;0;0
4;0;1741091042192;533;2488;1331;940;64;80;176;86;0;0
4;0;1741091042197;532;2488;1331;940;64;80;176;86;0;0
4;0;1741091042234;531;2488;1331;940;64;80;176;86;0;0
4;0;1741091042242;530;2488;1331;940;64;80;176;86;0;0
4;0;1741091042317;529;2488;1331;940;64;80;176;86;0;0
4;0;1741091042418;526;2488;1331;940;64;80;176;86;0;0
4;0;1741091042422;525;2488;1331;940;64;80;176;86;0;0
4;0;1741091042465;523;2488;1331;940;64;80;176;86;0;0
4;0;1741091042493;522;2488;1331;940;64;80;176;86;0;0
4;0;1741091042498;521;2488;1331;940;64;80;176;86;0;0
4;0;1741091042568;520;2488;1331;940;64;80;176;86;0;0
4;0;1741091042573;519;2488;1331;940;64;80;176;86;0;0
4;0;1741091042606;518;2488;1331;940;64;80;176;86;0;0
4;0;1741091042640;516;2488;1331;940;64;80;176;86;0;0
4;0;1741091042681;515;2488;1331;940;64;80;176;86;0;0
4;0;1741091042690;514;2488;1331;940;64;80;176;86;0;0
4;0;1741091042699;513;2488;1331;940;64;80;176;86;0;0
4;0;1741091042706;512;2488;1331;940;64;80;176;86;0;0
4;0;1741091042715;511;2488;1331;940;64;80;176;86;0;0
4;0;1741091042724;510;2488;1331;940;64;80;176;86;0;0
4;0;1741091042731;509;2488;1331;940;64;80;176;86;0;0
4;0;1741091042741;508;2488;1331;940;64;80;176;86;0;0
4;0;1741091042748;505;2488;1331;940;64;80;176;86;0;0
4;0;1741091042756;503;2488;1331;940;64;80;176;86;0;0
4;0;1741091042765;501;2488;1331;940;64;80;176;86;0;0
4;0;1741091042774;500;2488;1331;940;64;80;176;86;0;0
4;0;1741091042781;499;2488;1331;940;64;80;176;86;0;0
4;0;1741091042791;498;2488;1331;940;64;80;176;86;0;0
4;0;1741091042798;496;2488;1331;940;64;80;176;86;0;0
4;0;1741091042808;495;2488;1331;940;64;80;176;86;0;0
4;0;1741091042814;493;2488;1331;940;64;80;176;86;0;0
4;0;1741091042823;492;2488;1331;940;64;80;176;86;0;0
4;0;1741091042833;490;2488;1331;940;64;80;176;86;0;0
4;0;1741091042839;487;2488;1331;940;64;80;176;86;0;0
4;0;1741091042850;486;2488;1331;940;64;80;176;86;0;0
4;0;1741091042856;484;2488;1331;940;64;80;176;86;0;0
4;0;1741091042881;478;2488;1331;940;64;80;176;86;0;0
4;0;1741091042889;477;2488;1331;940;64;80;176;86;0;0
4;0;1741091042898;474;2488;1331;940;64;80;176;86;0;0
4;0;1741091042906;472;2488;1331;940;64;80;176;86;0;0
4;0;1741091042915;470;2488;1331;940;64;80;176;86;0;0
4;0;1741091042923;469;2488;1331;940;64;80;176;86;0;0
4;0;1741091042931;467;2488;1331;940;64;80;176;86;0;0
4;0;1741091042940;465;2488;1331;940;64;80;176;86;0;0
4;0;1741091042948;463;2488;1331;940;64;80;176;86;0;0
4;0;1741091042956;461;2488;1331;940;64;80;176;86;0;0
4;0;1741091042966;459;2488;1331;940;64;80;176;86;0;0
4;0;1741091042973;457;2488;1331;940;64;80;176;86;0;0
4;0;1741091042983;455;2488;1331;940;64;80;176;86;0;0
4;0;1741091042990;453;2488;1331;940;64;80;176;86;0;0
4;0;1741091042999;452;2488;1331;940;64;80;176;86;0;0
4;0;1741091043008;451;2488;1331;940;64;80;176;86;0;0
4;0;1741091043016;450;2488;1331;940;64;80;176;86;0;0
4;0;1741091043023;448;2488;1331;940;64;80;176;86;0;0
4;0;1741091043031;445;2488;1331;940;64;80;176;86;0;0
4;0;1741091043041;444;2488;1331;940;64;80;176;86;0;0
4;0;1741091043048;441;2488;1331;940;64;80;176;86;0;0
4;0;1741091043056;439;2488;1331;940;64;80;176;86;0;0
4;0;1741091043066;438;2488;1331;940;64;80;176;86;0;0
4;0;1741091043073;437;2488;1331;940;64;80;176;86;0;0
4;0;1741091043082;436;2488;1331;940;64;80;176;86;0;0
4;0;1741091043089;434;2488;1331;940;64;80;176;86;0;0
4;0;1741091043098;432;2488;1331;940;64;80;176;86;0;0
4;0;1741091043107;430;2488;1331;940;64;80;176;86;0;0
4;0;1741091043130;426;2488;1331;940;64;80;176;86;0;0
4;0;1741091043167;425;2488;1331;940;64;80;176;86;0;0
4;0;1741091043173;424;2488;1331;940;64;80;176;86;0;0
4;0;1741091043199;423;2488;1331;940;64;80;176;86;0;0
4;0;1741091043206;422;2488;1331;940;64;80;176;86;0;0
4;0;1741091043231;421;2488;1331;940;64;80;176;86;0;0
4;0;1741091043249;420;2488;1331;940;64;80;176;86;0;0
4;0;1741091043258;419;2488;1331;940;64;80;176;86;0;0
4;0;1741091043267;418;2488;1331;940;64;80;176;86;0;0
4;0;1741091043273;417;2488;1331;940;64;80;176;86;0;0
4;0;1741091043290;416;2488;1331;940;64;80;176;86;0;0
4;0;1741091043298;415;2488;1331;940;64;80;176;86;0;0
4;0;1741091043318;414;2488;1331;940;64;80;176;86;0;0
4;0;1741091043323;413;2488;1331;940;64;80;176;86;0;0
4;0;1741091043332;412;2488;1331;940;64;80;176;86;0;0
4;0;1741091043350;411;2488;1331;940;64;80;176;86;0;0
4;0;1741091043357;410;2488;1331;940;64;80;176;86;0;0
4;0;1741091043381;405;2488;1331;940;64;80;176;86;0;0
4;0;1741091043391;404;2488;1331;940;64;80;176;86;0;0
4;0;1741091043400;403;2488;1331;940;64;80;176;86;0;0
4;0;1741091043406;402;2488;1331;940;64;80;176;86;0;0
4;0;1741091043414;401;2488;1331;940;64;80;176;86;0;0
4;0;1741091043424;400;2488;1331;940;64;80;176;86;0;0
4;0;1741091043466;399;2488;1331;940;64;80;176;86;0;0
4;0;1741091043539;398;2488;1331;940;64;80;176;86;0;0
4;0;1741091043558;397;2488;1331;940;64;80;176;86;0;0
4;0;1741091043565;396;2488;1331;940;64;80;176;86;0;0
4;0;1741091043581;395;2488;1331;940;64;80;176;86;0;0
4;0;1741091043589;394;2488;1331;940;64;80;176;86;0;0
4;0;1741091043598;392;2488;1331;940;64;80;176;86;0;0
4;0;1741091043606;389;2488;1331;940;64;80;176;86;0;0
4;0;1741091043631;383;2488;1331;940;64;80;176;86;0;0
4;0;1741091043640;381;2488;1331;940;64;80;176;86;0;0
4;0;1741091043648;379;2488;1331;940;64;80;176;86;0;0
4;0;1741091043656;377;2488;1331;940;64;80;176;86;0;0
4;0;1741091043665;375;2488;1331;940;64;80;176;86;0;0
4;0;1741091043672;374;2488;1331;940;64;80;176;86;0;0
4;0;1741091043681;372;2488;1331;940;64;80;176;86;0;0
4;0;1741091043690;370;2488;1331;940;64;80;176;86;0;0
4;0;1741091043698;368;2488;1331;940;64;80;176;86;0;0
4;0;1741091043706;366;2488;1331;940;64;80;176;86;0;0
4;0;1741091043714;364;2488;1331;940;64;80;176;86;0;0
4;0;1741091043723;362;2488;1331;940;64;80;176;86;0;0
4;0;1741091043731;360;2488;1331;940;64;80;176;86;0;0
4;0;1741091043740;358;2488;1331;940;64;80;176;86;0;0
4;0;1741091043750;357;2488;1331;940;64;80;176;86;0;0
4;0;1741091043782;356;2488;1331;940;64;80;176;86;0;0
4;0;1741091043789;355;2488;1331;940;64;80;176;86;0;0
4;0;1741091043817;354;2488;1331;940;64;80;176;86;0;0
4;0;1741091043823;353;2488;1331;940;64;80;176;86;0;0
4;0;1741091043839;352;2488;1331;940;64;80;176;86;0;0
4;0;1741091043848;351;2488;1331;940;64;80;176;86;0;0
4;0;1741091043858;350;2488;1331;940;64;80;176;86;0;0
4;0;1741091043881;348;2488;1331;940;64;80;176;86;0;0
4;0;1741091043889;347;2488;1331;940;64;80;176;86;0;0
4;0;1741091043898;345;2488;1331;940;64;80;176;86;0;0
4;0;1741091043908;344;2488;1331;940;64;80;176;86;0;0
4;0;1741091043915;342;2488;1331;940;64;80;176;86;0;0
4;0;1741091043925;340;2488;1331;940;64;80;176;86;0;0
4;0;1741091043931;338;2488;1331;940;64;80;176;86;0;0
4;0;1741091043941;336;2488;1331;940;64;80;176;86;0;0
4;0;1741091043948;334;2488;1331;940;64;80;176;86;0;0
4;0;1741091043956;332;2488;1331;940;64;80;176;86;0;0
4;0;1741091043965;330;2488;1331;940;64;80;176;86;0;0
4;0;1741091043974;329;2488;1331;940;64;80;176;86;0;0
4;0;1741091043982;327;2488;1331;940;64;80;176;86;0;0
4;0;1741091043989;326;2488;1331;940;64;80;176;86;0;0
4;0;1741091043998;325;2488;1331;940;64;80;176;86;0;0
4;0;1741091044005;324;2488;1331;940;64;80;176;86;0;0
4;0;1741091044017;323;2488;1331;940;64;80;176;86;0;0
4;0;1741091044023;322;2488;1331;940;64;80;176;86;0;0
4;0;1741091044050;321;2488;1331;940;64;80;176;86;0;0
4;0;1741091044223;320;2488;1331;940;64;80;176;86;0;0
4;0;1741091044231;319;2488;1331;940;64;80;176;86;0;0
4;0;1741091044309;318;2488;1331;940;64;80;176;86;0;0
4;0;1741091044316;317;2488;1331;940;64;80;176;86;0;0
4;0;1741091044390;316;2488;1331;940;64;80;176;86;0;0
4;0;1741091044398;315;2488;1331;940;64;80;176;86;0;0
4;0;1741091044407;314;2488;1331;940;64;80;176;86;0;0
4;0;1741091044415;313;2488;1331;940;64;80;176;86;0;0
4;0;1741091044431;312;2488;1331;940;64;80;176;86;0;0
4;0;1741091044456;311;2488;1331;940;64;80;176;86;0;0
4;0;1741091044483;310;2488;1331;940;64;80;176;86;0;0
4;0;1741091044492;309;2488;1331;940;64;80;176;86;0;0
4;0;1741091044508;308;2488;1331;940;64;80;176;86;0;0
4;0;1741091044514;307;2488;1331;940;64;80;176;86;0;0
4;0;1741091044531;306;2488;1331;940;64;80;176;86;0;0
4;0;1741091044540;305;2488;1331;940;64;80;176;86;0;0
4;0;1741091044590;304;2488;1331;940;64;80;176;86;0;0
4;0;1741091044611;303;2488;1331;940;64;80;176;86;0;0
4;0;1741091044632;301;2488;1331;940;64;80;176;86;0;0
4;0;1741091044640;300;2488;1331;940;64;80;176;86;0;0
4;0;1741091044657;299;2488;1331;940;64;80;176;86;0;0
4;0;1741091044672;298;2488;1331;940;64;80;176;86;0;0
4;0;1741091044683;297;2488;1331;940;64;80;176;86;0;0
4;0;1741091044690;296;2488;1331;940;64;80;176;86;0;0
4;0;1741091044699;295;2488;1331;940;64;80;176;86;0;0
4;0;1741091044706;294;2488;1331;940;64;80;176;86;0;0
4;0;1741091044715;293;2488;1331;940;64;80;176;86;0;0
4;0;1741091044723;292;2488;1331;940;64;80;176;86;0;0
4;0;1741091044731;291;2488;1331;940;64;80;176;86;0;0
4;0;1741091044740;289;2488;1331;940;64;80;176;86;0;0
4;0;1741091044747;287;2488;1331;940;64;80;176;86;0;0
4;0;1741091044758;286;2488;1331;940;64;80;176;86;0;0
4;0;1741091044764;285;2488;1331;940;64;80;176;86;0;0
4;0;1741091044776;284;2488;1331;940;64;80;176;86;0;0
4;0;1741091044780;282;2488;1331;940;64;80;176;86;0;0
4;0;1741091044789;281;2488;1331;940;64;80;176;86;0;0
4;0;1741091044798;278;2488;1331;940;64;80;176;86;0;0
4;0;1741091044807;277;2488;1331;940;64;80;176;86;0;0
4;0;1741091044814;276;2488;1331;940;64;80;176;86;0;0
4;0;1741091044823;274;2488;1331;940;64;80;176;86;0;0
4;0;1741091044832;273;2488;1331;940;64;80;176;86;0;0
4;0;1741091044840;272;2488;1331;940;64;80;176;86;0;0
4;0;1741091044849;270;2488;1331;940;64;80;176;86;0;0
4;0;1741091044856;269;2488;1331;940;64;80;176;86;0;0
4;0;1741091044880;265;2488;1331;940;64;80;176;86;0;0
4;0;1741091044889;263;2488;1331;940;64;80;176;86;0;0
4;0;1741091044898;262;2488;1331;940;64;80;176;86;0;0
4;0;1741091044908;261;2488;1331;940;64;80;176;86;0;0
4;0;1741091044915;260;2488;1331;940;64;80;176;86;0;0
4;0;1741091044924;259;2488;1331;940;64;80;176;86;0;0
4;0;1741091044933;258;2488;1331;940;64;80;176;86;0;0
4;0;1741091044949;257;2488;1331;940;64;80;176;86;0;0
4;0;1741091044956;256;2488;1331;940;64;80;176;86;0;0
4;0;1741091044983;255;2488;1331;940;64;80;176;86;0;0
4;0;1741091044990;254;2488;1331;940;64;80;176;86;0;0
4;0;1741091045006;253;2488;1331;940;64;80;176;86;0;0
4;0;1741091045015;252;2488;1331;940;64;80;176;86;0;0
4;0;1741091045042;251;2488;1331;940;64;80;176;86;0;0
4;0;1741091045073;250;2488;1331;940;64;80;176;86;0;0
4;0;1741091045100;249;2488;1331;940;64;80;176;86;0;0
4;0;1741091045106;248;2488;1331;940;64;80;176;86;0;0
4;0;1741091045148;246;2488;1331;940;64;80;176;86;0;0
4;0;1741091045158;245;2488;1331;940;64;80;176;86;0;0
4;0;1741091045175;243;2488;1331;940;64;80;176;86;0;0
4;0;1741091045182;241;2488;1331;940;64;80;176;86;0;0
4;0;1741091045198;240;2488;1331;940;64;80;176;86;0;0
4;0;1741091045214;238;2488;1331;940;64;80;176;86;0;0
4;0;1741091045224;237;2488;1331;940;64;80;176;86;0;0
4;0;1741091045231;236;2488;1331;940;64;80;176;86;0;0
4;0;1741091045239;234;2488;1331;940;64;80;176;86;0;0
4;0;1741091045248;232;2488;1331;940;64;80;176;86;0;0
4;0;1741091045267;230;2488;1331;940;64;80;176;86;0;0
4;0;1741091045273;229;2488;1331;940;64;80;176;86;0;0
4;0;1741091045280;228;2488;1331;940;64;80;176;86;0;0
4;0;1741091045290;227;2488;1331;940;64;80;176;86;0;0
4;0;1741091045299;226;2488;1331;940;64;80;176;86;0;0
4;0;1741091045306;224;2488;1331;940;64;80;176;86;0;0
4;0;1741091045315;223;2488;1331;940;64;80;176;86;0;0
4;0;1741091045323;222;2488;1331;940;64;80;176;86;0;0
4;0;1741091045330;221;2488;1331;940;64;80;176;86;0;0
4;0;1741091045347;220;2488;1331;940;64;80;176;86;0;0
4;0;1741091045358;219;2488;1331;940;64;80;176;86;0;0
4;0;1741091045381;217;2488;1331;940;64;80;176;86;0;0
4;0;1741091045389;216;2488;1331;940;64;80;176;86;0;0
4;0;1741091045400;215;2488;1331;940;64;80;176;86;0;0
4;0;1741091045406;214;2488;1331;940;64;80;176;86;0;0
4;0;1741091045425;213;2488;1331;940;64;80;176;86;0;0
4;0;1741091045432;212;2488;1331;940;64;80;176;86;0;0
4;0;1741091045439;211;2488;1331;940;64;80;176;86;0;0
4;0;1741091045450;210;2488;1331;940;64;80;176;86;0;0
4;0;1741091045456;209;2488;1331;940;64;80;176;86;0;0
4;0;1741091045467;207;2488;1331;940;64;80;176;86;0;0
4;0;1741091045483;206;2488;1331;940;64;80;176;86;0;0
4;0;1741091045490;205;2488;1331;940;64;80;176;86;0;0
4;0;1741091045497;204;2488;1331;940;64;80;176;86;0;0
4;0;1741091045507;203;2488;1331;940;64;80;176;86;0;0
4;0;1741091045514;200;2488;1331;940;64;80;176;86;0;0
4;0;1741091045525;199;2488;1331;940;64;80;176;86;0;0
4;0;1741091045531;198;2488;1331;940;64;80;176;86;0;0
4;0;1741091045541;197;2488;1331;940;64;80;176;86;0;0
4;0;1741091045546;196;2488;1331;940;64;80;176;86;0;0
4;0;1741091045556;194;2488;1331;940;64;80;176;86;0;0
4;0;1741091045575;193;2488;1331;940;64;80;176;86;0;0
4;0;1741091045582;192;2488;1331;940;64;80;176;86;0;0
4;0;1741091045590;190;2488;1331;940;64;80;176;86;0;0
4;0;1741091045598;189;2488;1331;940;64;80;176;86;0;0
4;0;1741091045606;187;2488;1331;940;64;80;176;86;0;0
4;0;1741091045631;184;2488;1331;940;64;80;176;86;0;0
4;0;1741091045639;183;2488;1331;940;64;80;176;86;0;0
4;0;1741091045648;182;2488;1331;940;64;80;176;86;0;0
4;0;1741091045655;181;2488;1331;940;64;80;176;86;0;0
4;0;1741091045665;179;2488;1331;940;64;80;176;86;0;0
4;0;1741091045672;177;2488;1331;940;64;80;176;86;0;0
4;0;1741091045682;176;2488;1331;940;64;80;176;86;0;0
4;0;1741091045689;173;2488;1331;940;64;80;176;86;0;0
4;0;1741091045697;171;2488;1331;940;64;80;176;86;0;0
4;0;1741091045706;169;2488;1331;940;64;80;176;86;0;0
4;0;1741091045714;167;2488;1331;940;64;80;176;86;0;0
4;0;1741091045723;166;2488;1331;940;64;80;176;86;0;0
4;0;1741091045731;164;2488;1331;940;64;80;176;86;0;0
4;0;1741091045741;162;2488;1331;940;64;80;176;86;0;0
4;0;1741091045746;161;2488;1331;940;64;80;176;86;0;0
4;0;1741091045757;158;2488;1331;940;64;80;176;86;0;0
4;0;1741091045764;156;2488;1331;940;64;80;176;86;0;0
4;0;1741091045774;154;2488;1331;940;64;80;176;86;0;0
4;0;1741091045780;153;2488;1331;940;64;80;176;86;0;0
4;0;1741091045789;151;2488;1331;940;64;80;176;86;0;0
4;0;1741091045797;150;2488;1331;940;64;80;176;86;0;0
4;0;1741091045814;149;2488;1331;940;64;80;176;86;0;0
4;0;1741091045824;148;2488;1331;940;64;80;176;86;0;0
4;0;1741091045830;147;2488;1331;940;64;80;176;86;0;0
4;0;1741091045858;146;2488;1331;940;64;80;176;86;0;0
4;0;1741091047353;144;2488;1331;940;64;80;176;86;0;0
4;0;1741091047358;143;2488;1331;940;64;80;176;86;0;0
4;0;1741091047381;140;2488;1331;940;64;80;176;86;0;0
4;0;1741091047390;138;2488;1331;940;64;80;176;86;0;0
4;0;1741091047399;137;2488;1331;940;64;80;176;86;0;0
4;0;1741091047407;136;2488;1331;940;64;80;176;86;0;0
4;0;1741091047414;134;2488;1331;940;64;80;176;86;0;0
4;0;1741091047423;132;2488;1331;940;64;80;176;86;0;0
4;0;1741091047432;130;2488;1331;940;64;80;176;86;0;0
4;0;1741091047439;129;2488;1331;940;64;80;176;86;0;0
4;0;1741091047448;128;2488;1331;940;64;80;176;86;0;0
4;0;1741091047456;126;2488;1331;940;64;80;176;86;0;0
4;0;1741091047465;125;2488;1331;940;64;80;176;86;0;0
4;0;1741091047474;124;2488;1331;940;64;80;176;86;0;0
4;0;1741091047481;123;2488;1331;940;64;80;176;86;0;0
4;0;1741091047492;122;2488;1331;940;64;80;176;86;0;0
4;0;1741091047498;121;2488;1331;940;64;80;176;86;0;0
4;0;1741091047508;120;2488;1331;940;64;80;176;86;0;0
4;0;1741091047514;119;2488;1331;940;64;80;176;86;0;0
4;0;1741091047524;118;2488;1331;940;64;80;176;86;0;0
4;0;1741091047533;117;2488;1331;940;64;80;176;86;0;0
4;0;1741091047549;116;2488;1331;940;64;80;176;86;0;0
4;0;1741091047557;115;2488;1331;940;64;80;176;86;0;0
4;0;1741091047574;114;2488;1331;940;64;80;176;86;0;0
4;0;1741091047582;113;2488;1331;940;64;80;176;86;0;0
4;0;1741091047598;112;2488;1331;940;64;80;176;86;0;0
4;0;1741091047605;111;2488;1331;940;64;80;176;86;0;0
4;0;1741091047640;109;2488;1331;940;64;80;176;86;0;0
4;0;1741091047657;108;2488;1331;940;64;80;176;86;0;0
4;0;1741091047666;106;2488;1331;940;64;80;176;86;0;0
4;0;1741091047672;105;2488;1331;940;64;80;176;86;0;0
4;0;1741091047681;103;2488;1331;940;64;80;176;86;0;0
4;0;1741091047690;102;2488;1331;940;64;80;176;86;0;0
4;0;1741091047698;101;2488;1331;940;64;80;176;86;0;0
4;0;1741091047706;100;2488;1331;940;64;80;176;86;0;0
4;0;1741091047715;99;2488;1331;940;64;80;176;86;0;0
4;0;1741091047723;98;2488;1331;940;64;80;176;86;0;0
4;0;1741091047732;97;2488;1331;940;64;80;176;86;0;0
4;0;1741091047739;95;2488;1331;940;64;80;176;86;0;0
4;0;1741091047748;94;2488;1331;940;64;80;176;86;0;0
4;0;1741091047756;93;2488;1331;940;64;80;176;86;0;0
4;0;1741091047765;91;2488;1331;940;64;80;176;86;0;0
4;0;1741091047773;90;2488;1331;940;64;80;176;86;0;0
4;0;1741091047791;89;2488;1331;940;64;80;176;86;0;0
4;0;1741091047798;88;2488;1331;940;64;80;176;86;0;0
4;0;1741091047807;87;2488;1331;940;64;80;176;86;0;0
4;0;1741091047815;86;2488;1331;940;64;80;176;86;0;0
4;0;1741091047824;85;2488;1331;940;64;80;176;86;0;0
4;0;1741091047831;84;2488;1331;940;64;80;176;86;0;0
4;0;1741091047841;83;2488;1331;940;64;80;176;86;0;0
4;0;1741091047898;80;2488;1331;940;64;80;176;86;0;0
4;0;1741091047908;79;2488;1331;940;64;80;176;86;0;0
4;0;1741091047940;78;2488;1331;940;64;80;176;86;0;0
4;0;1741091047947;77;2488;1331;940;64;80;176;86;0;0
4;0;1741091047957;76;2488;1331;940;64;80;176;86;0;0
4;0;1741091047964;75;2488;1331;940;64;80;176;86;0;0
4;0;1741091047973;74;2488;1331;940;64;80;176;86;0;0
4;0;1741091047981;72;2488;1331;940;64;80;176;86;0;0
4;0;1741091047997;71;2488;1331;940;64;80;176;86;0;0
4;0;1741091047998;70;2488;1331;940;64;80;176;86;0;0
4;0;1741091048006;69;2488;1331;940;64;80;176;86;0;0
4;0;1741091048014;67;2488;1331;940;64;80;176;86;0;0
4;0;1741091048022;65;2488;1331;940;64;80;176;86;0;0
4;0;1741091048031;64;2488;1331;940;64;80;176;86;0;0
4;0;1741091048039;53;2488;1331;940;64;80;176;86;0;0
4;0;1741091048048;51;2488;1331;940;64;80;176;86;0;0
4;0;1741091048057;0;2488;1331;940;64;80;176;86;0;0
