3;0;1741090728564;0;2488;1331;940;64;80;176;86;0;1
3;0;1741090745494;0;2488;1331;940;64;80;176;86;0;0
3;1;1741090748373;0;8060;1331;940;64;80;239;149;0;1
3;1;1741090751175;1;8060;1331;940;64;80;239;149;0;0
3;1;1741090751180;2;8060;1331;940;64;80;239;149;0;0
3;1;1741090751189;3;8060;1331;940;64;80;239;149;0;0
3;1;1741090751198;8;8060;1331;940;64;80;239;149;0;0
3;1;1741090751205;9;8060;1331;940;64;80;239;149;0;0
3;1;1741090751214;13;8060;1331;940;64;80;239;149;0;0
3;1;1741090751222;21;8060;1331;940;64;80;239;149;0;0
3;1;1741090751231;25;8060;1331;940;64;80;239;149;0;0
3;1;1741090751239;33;8060;1331;940;64;80;239;149;0;0
3;1;1741090751247;42;8060;1331;940;64;80;239;149;0;0
3;1;1741090751256;50;8060;1331;940;64;80;239;149;0;0
3;1;1741090751264;58;8060;1331;940;64;80;239;149;0;0
3;1;1741090751272;66;8060;1331;940;64;80;239;149;0;0
3;1;1741090751281;74;8060;1331;940;64;80;239;149;0;0
3;1;1741090751289;82;8060;1331;940;64;80;239;149;0;0
3;1;1741090751299;91;8060;1331;940;64;80;239;149;0;0
3;1;1741090751306;100;8060;1331;940;64;80;239;149;0;0
3;1;1741090751314;109;8060;1331;940;64;80;239;149;0;0
3;1;1741090751322;117;8060;1331;940;64;80;239;149;0;0
3;1;1741090751331;125;8060;1331;940;64;80;239;149;0;0
3;1;1741090751339;133;8060;1331;940;64;80;239;149;0;0
3;1;1741090751347;140;8060;1331;940;64;80;239;149;0;0
3;1;1741090751357;147;8060;1331;940;64;80;239;149;0;0
3;1;1741090751365;154;8060;1331;940;64;80;239;149;0;0
3;1;1741090751374;161;8060;1331;940;64;80;239;149;0;0
3;1;1741090751397;179;8060;1331;940;64;80;239;149;0;0
3;1;1741090751406;185;8060;1331;940;64;80;239;149;0;0
3;1;1741090751417;190;8060;1331;940;64;80;239;149;0;0
3;1;1741090751423;195;8060;1331;940;64;80;239;149;0;0
3;1;1741090751431;200;8060;1331;940;64;80;239;149;0;0
3;1;1741090751439;205;8060;1331;940;64;80;239;149;0;0
3;1;1741090751447;210;8060;1331;940;64;80;239;149;0;0
3;1;1741090751456;214;8060;1331;940;64;80;239;149;0;0
3;1;1741090751464;218;8060;1331;940;64;80;239;149;0;0
3;1;1741090751472;222;8060;1331;940;64;80;239;149;0;0
3;1;1741090751481;226;8060;1331;940;64;80;239;149;0;0
3;1;1741090751490;230;8060;1331;940;64;80;239;149;0;0
3;1;1741090751498;233;8060;1331;940;64;80;239;149;0;0
3;1;1741090751507;236;8060;1331;940;64;80;239;149;0;0
3;1;1741090751515;239;8060;1331;940;64;80;239;149;0;0
3;1;1741090751523;242;8060;1331;940;64;80;239;149;0;0
3;1;1741090751532;245;8060;1331;940;64;80;239;149;0;0
3;1;1741090751539;248;8060;1331;940;64;80;239;149;0;0
3;1;1741090751550;251;8060;1331;940;64;80;239;149;0;0
3;1;1741090751556;254;8060;1331;940;64;80;239;149;0;0
3;1;1741090751567;257;8060;1331;940;64;80;239;149;0;0
3;1;1741090751572;260;8060;1331;940;64;80;239;149;0;0
3;1;1741090751591;265;8060;1331;940;64;80;239;149;0;0
3;1;1741090751598;267;8060;1331;940;64;80;239;149;0;0
3;1;1741090751624;273;8060;1331;940;64;80;239;149;0;0
3;1;1741090762797;274;8060;1331;940;64;80;239;149;0;0
3;1;1741090762801;276;8060;1331;940;64;80;239;149;0;0
3;1;1741090762810;279;8060;1331;940;64;80;239;149;0;0
3;1;1741090762818;281;8060;1331;940;64;80;239;149;0;0
3;1;1741090762827;288;8060;1331;940;64;80;239;149;0;0
3;1;1741090762835;292;8060;1331;940;64;80;239;149;0;0
3;1;1741090762843;296;8060;1331;940;64;80;239;149;0;0
3;1;1741090762852;302;8060;1331;940;64;80;239;149;0;0
3;1;1741090762860;304;8060;1331;940;64;80;239;149;0;0
3;1;1741090762868;309;8060;1331;940;64;80;239;149;0;0
3;1;1741090762885;317;8060;1331;940;64;80;239;149;0;0
3;1;1741090762893;321;8060;1331;940;64;80;239;149;0;0
3;1;1741090762901;326;8060;1331;940;64;80;239;149;0;0
3;1;1741090762910;332;8060;1331;940;64;80;239;149;0;0
3;1;1741090762918;338;8060;1331;940;64;80;239;149;0;0
3;1;1741090762927;344;8060;1331;940;64;80;239;149;0;0
3;1;1741090762935;350;8060;1331;940;64;80;239;149;0;0
3;1;1741090762943;356;8060;1331;940;64;80;239;149;0;0
3;1;1741090762952;363;8060;1331;940;64;80;239;149;0;0
3;1;1741090762960;370;8060;1331;940;64;80;239;149;0;0
3;1;1741090762968;377;8060;1331;940;64;80;239;149;0;0
3;1;1741090762976;384;8060;1331;940;64;80;239;149;0;0
3;1;1741090762985;390;8060;1331;940;64;80;239;149;0;0
3;1;1741090762993;396;8060;1331;940;64;80;239;149;0;0
3;1;1741090763002;401;8060;1331;940;64;80;239;149;0;0
3;1;1741090763010;406;8060;1331;940;64;80;239;149;0;0
3;1;1741090763018;411;8060;1331;940;64;80;239;149;0;0
3;1;1741090763026;416;8060;1331;940;64;80;239;149;0;0
3;1;1741090763034;421;8060;1331;940;64;80;239;149;0;0
3;1;1741090763043;425;8060;1331;940;64;80;239;149;0;0
3;1;1741090763052;429;8060;1331;940;64;80;239;149;0;0
3;1;1741090763061;433;8060;1331;940;64;80;239;149;0;0
3;1;1741090763068;437;8060;1331;940;64;80;239;149;0;0
3;1;1741090763078;441;8060;1331;940;64;80;239;149;0;0
3;1;1741090763085;445;8060;1331;940;64;80;239;149;0;0
3;1;1741090763095;448;8060;1331;940;64;80;239;149;0;0
3;1;1741090763101;451;8060;1331;940;64;80;239;149;0;0
3;1;1741090763109;454;8060;1331;940;64;80;239;149;0;0
3;1;1741090763118;457;8060;1331;940;64;80;239;149;0;0
3;1;1741090763144;466;8060;1331;940;64;80;239;149;0;0
3;1;1741090763153;469;8060;1331;940;64;80;239;149;0;0
3;1;1741090763160;472;8060;1331;940;64;80;239;149;0;0
3;1;1741090763170;475;8060;1331;940;64;80;239;149;0;0
3;1;1741090763177;478;8060;1331;940;64;80;239;149;0;0
3;1;1741090763185;480;8060;1331;940;64;80;239;149;0;0
3;1;1741090763195;482;8060;1331;940;64;80;239;149;0;0
3;1;1741090763202;484;8060;1331;940;64;80;239;149;0;0
3;1;1741090763210;486;8060;1331;940;64;80;239;149;0;0
3;1;1741090763220;488;8060;1331;940;64;80;239;149;0;0
3;1;1741090763226;490;8060;1331;940;64;80;239;149;0;0
3;1;1741090763236;492;8060;1331;940;64;80;239;149;0;0
3;1;1741090763245;494;8060;1331;940;64;80;239;149;0;0
3;1;1741090763251;496;8060;1331;940;64;80;239;149;0;0
3;1;1741090763259;498;8060;1331;940;64;80;239;149;0;0
3;1;1741090763389;504;8060;1331;940;64;80;239;149;0;0
3;1;1741090763396;509;8060;1331;940;64;80;239;149;0;0
3;1;1741090763406;515;8060;1331;940;64;80;239;149;0;0
3;1;1741090763414;522;8060;1331;940;64;80;239;149;0;0
3;1;1741090763422;524;8060;1331;940;64;80;239;149;0;0
3;1;1741090763431;531;8060;1331;940;64;80;239;149;0;0
3;1;1741090763439;548;8060;1331;940;64;80;239;149;0;0
3;1;1741090763448;559;8060;1331;940;64;80;239;149;0;0
3;1;1741090763456;573;8060;1331;940;64;80;239;149;0;0
3;1;1741090763464;587;8060;1331;940;64;80;239;149;0;0
3;1;1741090763472;601;8060;1331;940;64;80;239;149;0;0
3;1;1741090763481;615;8060;1331;940;64;80;239;149;0;0
3;1;1741090763490;630;8060;1331;940;64;80;239;149;0;0
3;1;1741090763498;646;8060;1331;940;64;80;239;149;0;0
3;1;1741090763505;663;8060;1331;940;64;80;239;149;0;0
3;1;1741090763514;680;8060;1331;940;64;80;239;149;0;0
3;1;1741090763522;695;8060;1331;940;64;80;239;149;0;0
3;1;1741090763530;710;8060;1331;940;64;80;239;149;0;0
3;1;1741090763539;725;8060;1331;940;64;80;239;149;0;0
3;1;1741090763547;738;8060;1331;940;64;80;239;149;0;0
3;1;1741090763555;751;8060;1331;940;64;80;239;149;0;0
3;1;1741090763564;763;8060;1331;940;64;80;239;149;0;0
3;1;1741090763572;774;8060;1331;940;64;80;239;149;0;0
3;1;1741090763580;785;8060;1331;940;64;80;239;149;0;0
3;1;1741090763589;796;8060;1331;940;64;80;239;149;0;0
3;1;1741090763597;807;8060;1331;940;64;80;239;149;0;0
3;1;1741090763605;817;8060;1331;940;64;80;239;149;0;0
3;1;1741090763613;827;8060;1331;940;64;80;239;149;0;0
3;1;1741090763623;836;8060;1331;940;64;80;239;149;0;0
3;1;1741090763639;853;8060;1331;940;64;80;239;149;0;0
3;1;1741090763647;861;8060;1331;940;64;80;239;149;0;0
3;1;1741090763656;869;8060;1331;940;64;80;239;149;0;0
3;1;1741090763664;877;8060;1331;940;64;80;239;149;0;0
3;1;1741090763672;884;8060;1331;940;64;80;239;149;0;0
3;1;1741090763681;891;8060;1331;940;64;80;239;149;0;0
3;1;1741090763690;898;8060;1331;940;64;80;239;149;0;0
3;1;1741090763698;904;8060;1331;940;64;80;239;149;0;0
3;1;1741090763706;910;8060;1331;940;64;80;239;149;0;0
3;1;1741090763714;916;8060;1331;940;64;80;239;149;0;0
3;1;1741090763722;921;8060;1331;940;64;80;239;149;0;0
3;1;1741090763731;926;8060;1331;940;64;80;239;149;0;0
3;1;1741090763739;931;8060;1331;940;64;80;239;149;0;0
3;1;1741090763747;936;8060;1331;940;64;80;239;149;0;0
3;1;1741090763755;940;8060;1331;940;64;80;239;149;0;0
3;1;1741090763763;944;8060;1331;940;64;80;239;149;0;0
3;1;1741090763771;948;8060;1331;940;64;80;239;149;0;0
3;1;1741090763780;952;8060;1331;940;64;80;239;149;0;0
3;1;1741090763789;956;8060;1331;940;64;80;239;149;0;0
3;1;1741090763797;960;8060;1331;940;64;80;239;149;0;0
3;1;1741090763805;964;8060;1331;940;64;80;239;149;0;0
3;1;1741090763813;967;8060;1331;940;64;80;239;149;0;0
3;1;1741090763823;970;8060;1331;940;64;80;239;149;0;0
3;1;1741090763831;973;8060;1331;940;64;80;239;149;0;0
3;1;1741090763840;976;8060;1331;940;64;80;239;149;0;0
3;1;1741090763848;979;8060;1331;940;64;80;239;149;0;0
3;1;1741090763856;982;8060;1331;940;64;80;239;149;0;0
3;1;1741090763865;985;8060;1331;940;64;80;239;149;0;0
3;1;1741090763873;988;8060;1331;940;64;80;239;149;0;0
3;1;1741090763899;997;8060;1331;940;64;80;239;149;0;0
3;1;1741090763906;999;8060;1331;940;64;80;239;149;0;0
3;1;1741090763914;1001;8060;1331;940;64;80;239;149;0;0
3;1;1741090763923;1003;8060;1331;940;64;80;239;149;0;0
3;1;1741090763931;1005;8060;1331;940;64;80;239;149;0;0
3;1;1741090763939;1007;8060;1331;940;64;80;239;149;0;0
3;1;1741090763947;1009;8060;1331;940;64;80;239;149;0;0
3;1;1741090763956;1011;8060;1331;940;64;80;239;149;0;0
3;1;1741090763965;1013;8060;1331;940;64;80;239;149;0;0
3;1;1741090763973;1015;8060;1331;940;64;80;239;149;0;0
3;1;1741090763982;1017;8060;1331;940;64;80;239;149;0;0
3;1;1741090763989;1019;8060;1331;940;64;80;239;149;0;0
3;1;1741090763998;1020;8060;1331;940;64;80;239;149;0;0
3;1;1741090764006;1022;8060;1331;940;64;80;239;149;0;0
3;1;1741090764024;1024;8060;1331;940;64;80;239;149;0;0
3;1;1741090764039;1026;8060;1331;940;64;80;239;149;0;0
3;1;1741090764056;1028;8060;1331;940;64;80;239;149;0;0
3;1;1741090764073;1030;8060;1331;940;64;80;239;149;0;0
3;1;1741090764089;1032;8060;1331;940;64;80;239;149;0;0
3;1;1741090764105;1033;8060;1331;940;64;80;239;149;0;0
3;1;1741090764122;1034;8060;1331;940;64;80;239;149;0;0
3;1;1741090764140;1035;8060;1331;940;64;80;239;149;0;0
3;1;1741090764157;1036;8060;1331;940;64;80;239;149;0;0
3;1;1741090764172;1037;8060;1331;940;64;80;239;149;0;0
3;1;1741090764206;1038;8060;1331;940;64;80;239;149;0;0
3;1;1741090764240;1039;8060;1331;940;64;80;239;149;0;0
3;1;1741090764274;1040;8060;1331;940;64;80;239;149;0;0
3;1;1741090764340;1041;8060;1331;940;64;80;239;149;0;0
3;1;1741090766337;1041;8060;1331;940;64;80;239;149;0;0
3;2;1741090770033;0;9465;1331;940;64;80;268;178;0;1
3;2;1741090779394;0;9465;1331;940;64;80;268;178;0;0
3;3;1741090783665;0;2488;1331;940;64;80;176;86;0;1
3;3;1741090789526;1;2488;1331;940;64;80;176;86;0;0
3;3;1741090789539;6;2488;1331;940;64;80;176;86;0;0
3;3;1741090789547;11;2488;1331;940;64;80;176;86;0;0
3;3;1741090789556;16;2488;1331;940;64;80;176;86;0;0
3;3;1741090789565;21;2488;1331;940;64;80;176;86;0;0
3;3;1741090789575;23;2488;1331;940;64;80;176;86;0;0
3;3;1741090789580;29;2488;1331;940;64;80;176;86;0;0
3;3;1741090789589;34;2488;1331;940;64;80;176;86;0;0
3;3;1741090789597;38;2488;1331;940;64;80;176;86;0;0
3;3;1741090789606;43;2488;1331;940;64;80;176;86;0;0
3;3;1741090789615;49;2488;1331;940;64;80;176;86;0;0
3;3;1741090789623;55;2488;1331;940;64;80;176;86;0;0
3;3;1741090789631;61;2488;1331;940;64;80;176;86;0;0
3;3;1741090789639;67;2488;1331;940;64;80;176;86;0;0
3;3;1741090789648;73;2488;1331;940;64;80;176;86;0;0
3;3;1741090789656;80;2488;1331;940;64;80;176;86;0;0
3;3;1741090789664;87;2488;1331;940;64;80;176;86;0;0
3;3;1741090789680;101;2488;1331;940;64;80;176;86;0;0
3;3;1741090789689;107;2488;1331;940;64;80;176;86;0;0
3;3;1741090789697;113;2488;1331;940;64;80;176;86;0;0
3;3;1741090789705;118;2488;1331;940;64;80;176;86;0;0
3;3;1741090789714;123;2488;1331;940;64;80;176;86;0;0
3;3;1741090789722;128;2488;1331;940;64;80;176;86;0;0
3;3;1741090789730;133;2488;1331;940;64;80;176;86;0;0
3;3;1741090789739;138;2488;1331;940;64;80;176;86;0;0
3;3;1741090789746;142;2488;1331;940;64;80;176;86;0;0
3;3;1741090789755;146;2488;1331;940;64;80;176;86;0;0
3;3;1741090789764;150;2488;1331;940;64;80;176;86;0;0
3;3;1741090789772;154;2488;1331;940;64;80;176;86;0;0
3;3;1741090789782;158;2488;1331;940;64;80;176;86;0;0
3;3;1741090789789;162;2488;1331;940;64;80;176;86;0;0
3;3;1741090789796;165;2488;1331;940;64;80;176;86;0;0
3;3;1741090789806;168;2488;1331;940;64;80;176;86;1;0
3;3;1741090789814;171;2488;1331;940;64;80;176;86;1;0
3;3;1741090789822;174;2488;1331;940;64;80;176;86;1;0
3;3;1741090789830;177;2488;1331;940;64;80;176;86;1;0
3;3;1741090789838;180;2488;1331;940;64;80;176;86;1;0
3;3;1741090789847;183;2488;1331;940;64;80;176;86;1;0
3;3;1741090789855;186;2488;1331;940;64;80;176;86;1;0
3;3;1741090789864;189;2488;1331;940;64;80;176;86;1;0
3;3;1741090789872;192;2488;1331;940;64;80;176;86;1;0
3;3;1741090789881;195;2488;1331;940;64;80;176;86;1;0
3;3;1741090789889;197;2488;1331;940;64;80;176;86;1;0
3;3;1741090789897;199;2488;1331;940;64;80;176;86;1;0
3;3;1741090789906;201;2488;1331;940;64;80;176;86;1;0
3;3;1741090789914;203;2488;1331;940;64;80;176;86;1;0
3;3;1741090789930;207;2488;1331;940;64;80;176;86;1;0
3;3;1741090789938;209;2488;1331;940;64;80;176;86;1;0
3;3;1741090789947;211;2488;1331;940;64;80;176;86;1;0
3;3;1741090789956;213;2488;1331;940;64;80;176;86;1;0
3;3;1741090789964;215;2488;1331;940;64;80;176;86;1;0
3;3;1741090789972;217;2488;1331;940;64;80;176;86;1;0
3;3;1741090789981;219;2488;1331;940;64;80;176;86;1;0
3;3;1741090789989;220;2488;1331;940;64;80;176;86;1;0
3;3;1741090791947;210;2488;1331;940;64;80;176;86;1;0
3;3;1741090791956;207;2488;1331;940;64;80;176;86;1;0
3;3;1741090791964;201;2488;1331;940;64;80;176;86;1;0
3;3;1741090791973;195;2488;1331;940;64;80;176;86;1;0
3;3;1741090791982;185;2488;1331;940;64;80;176;86;1;0
3;3;1741090791988;178;2488;1331;940;64;80;176;86;1;0
3;3;1741090791998;171;2488;1331;940;64;80;176;86;1;0
3;3;1741090792005;162;2488;1331;940;64;80;176;86;1;0
3;3;1741090792014;153;2488;1331;940;64;80;176;86;1;0
3;3;1741090792022;144;2488;1331;940;64;80;176;86;1;0
3;3;1741090792030;135;2488;1331;940;64;80;176;86;1;0
3;3;1741090792039;126;2488;1331;940;64;80;176;86;1;0
3;3;1741090792048;115;2488;1331;940;64;80;176;86;1;0
3;3;1741090792055;104;2488;1331;940;64;80;176;86;1;0
3;3;1741090792064;93;2488;1331;940;64;80;176;86;1;0
3;3;1741090792072;83;2488;1331;940;64;80;176;86;1;0
3;3;1741090792080;73;2488;1331;940;64;80;176;86;1;0
3;3;1741090792089;64;2488;1331;940;64;80;176;86;1;0
3;3;1741090792097;56;2488;1331;940;64;80;176;86;1;0
3;3;1741090792105;48;2488;1331;940;64;80;176;86;1;0
3;3;1741090792114;40;2488;1331;940;64;80;176;86;1;0
3;3;1741090792122;32;2488;1331;940;64;80;176;86;1;0
3;3;1741090792130;24;2488;1331;940;64;80;176;86;1;0
3;3;1741090792139;17;2488;1331;940;64;80;176;86;1;0
3;3;1741090792147;10;2488;1331;940;64;80;176;86;1;0
3;3;1741090792155;3;2488;1331;940;64;80;176;86;1;0
3;3;1741090792164;0;2488;1331;940;64;80;176;86;1;0
3;3;1741090794743;1;2488;1331;940;64;80;176;86;1;0
3;3;1741090794748;2;2488;1331;940;64;80;176;86;1;0
3;3;1741090794757;3;2488;1331;940;64;80;176;86;1;0
3;3;1741090794763;6;2488;1331;940;64;80;176;86;1;0
3;3;1741090794771;8;2488;1331;940;64;80;176;86;1;0
3;3;1741090794782;10;2488;1331;940;64;80;176;86;1;0
3;3;1741090794799;12;2488;1331;940;64;80;176;86;1;0
3;3;1741090794805;14;2488;1331;940;64;80;176;86;1;0
3;3;1741090794815;15;2488;1331;940;64;80;176;86;1;0
3;3;1741090794822;18;2488;1331;940;64;80;176;86;1;0
3;3;1741090794831;19;2488;1331;940;64;80;176;86;1;0
3;3;1741090794839;20;2488;1331;940;64;80;176;86;1;0
3;3;1741090794847;21;2488;1331;940;64;80;176;86;1;0
3;3;1741090794858;23;2488;1331;940;64;80;176;86;1;0
3;3;1741090795125;22;2488;1331;940;64;80;176;86;1;0
3;3;1741090795130;21;2488;1331;940;64;80;176;86;1;0
3;3;1741090795156;20;2488;1331;940;64;80;176;86;1;0
3;3;1741090795163;18;2488;1331;940;64;80;176;86;1;0
3;3;1741090795181;15;2488;1331;940;64;80;176;86;1;0
3;3;1741090795190;14;2488;1331;940;64;80;176;86;1;0
3;3;1741090795197;12;2488;1331;940;64;80;176;86;1;0
3;3;1741090795205;11;2488;1331;940;64;80;176;86;1;0
3;3;1741090795214;8;2488;1331;940;64;80;176;86;1;0
3;3;1741090795222;7;2488;1331;940;64;80;176;86;1;0
3;3;1741090795231;5;2488;1331;940;64;80;176;86;1;0
3;3;1741090795238;4;2488;1331;940;64;80;176;86;1;0
3;3;1741090795247;2;2488;1331;940;64;80;176;86;1;0
3;3;1741090795255;0;2488;1331;940;64;80;176;86;1;0
3;3;1741090797294;0;2488;1331;940;64;80;176;86;1;0
3;4;1741090800362;0;9465;1331;940;64;80;268;178;0;1
3;4;1741090802004;1;9465;1331;940;64;80;268;178;0;0
3;4;1741090802016;3;9465;1331;940;64;80;268;178;0;0
3;4;1741090802022;6;9465;1331;940;64;80;268;178;0;0
3;4;1741090802031;9;9465;1331;940;64;80;268;178;0;0
3;4;1741090802039;15;9465;1331;940;64;80;268;178;0;0
3;4;1741090802049;20;9465;1331;940;64;80;268;178;0;0
3;4;1741090802056;25;9465;1331;940;64;80;268;178;0;0
3;4;1741090802064;28;9465;1331;940;64;80;268;178;0;0
3;4;1741090802072;33;9465;1331;940;64;80;268;178;0;0
3;4;1741090802082;39;9465;1331;940;64;80;268;178;0;0
3;4;1741090802089;49;9465;1331;940;64;80;268;178;0;0
3;4;1741090802098;56;9465;1331;940;64;80;268;178;0;0
3;4;1741090802106;65;9465;1331;940;64;80;268;178;0;0
3;4;1741090802131;92;9465;1331;940;64;80;268;178;0;0
3;4;1741090802139;101;9465;1331;940;64;80;268;178;0;0
3;4;1741090802147;112;9465;1331;940;64;80;268;178;0;0
3;4;1741090802156;123;9465;1331;940;64;80;268;178;0;0
3;4;1741090802165;134;9465;1331;940;64;80;268;178;0;0
3;4;1741090802172;144;9465;1331;940;64;80;268;178;0;0
3;4;1741090802181;154;9465;1331;940;64;80;268;178;0;0
3;4;1741090802190;163;9465;1331;940;64;80;268;178;0;0
3;4;1741090802197;171;9465;1331;940;64;80;268;178;0;0
3;4;1741090802206;179;9465;1331;940;64;80;268;178;0;0
3;4;1741090802214;187;9465;1331;940;64;80;268;178;0;0
3;4;1741090802223;195;9465;1331;940;64;80;268;178;0;0
3;4;1741090802231;203;9465;1331;940;64;80;268;178;0;0
3;4;1741090802240;210;9465;1331;940;64;80;268;178;0;0
3;4;1741090802247;217;9465;1331;940;64;80;268;178;0;0
3;4;1741090802257;224;9465;1331;940;64;80;268;178;0;0
3;4;1741090802265;231;9465;1331;940;64;80;268;178;0;0
3;4;1741090802274;237;9465;1331;940;64;80;268;178;0;0
3;4;1741090802281;243;9465;1331;940;64;80;268;178;0;0
3;4;1741090802305;253;9465;1331;940;64;80;268;178;0;0
3;4;1741090802317;258;9465;1331;940;64;80;268;178;0;0
3;4;1741090802907;259;9465;1331;940;64;80;268;178;0;0
3;4;1741090805393;260;9465;1331;940;64;80;268;178;0;0
3;4;1741090805403;263;9465;1331;940;64;80;268;178;0;0
3;4;1741090805410;266;9465;1331;940;64;80;268;178;0;0
3;4;1741090805418;270;9465;1331;940;64;80;268;178;0;0
3;4;1741090805427;272;9465;1331;940;64;80;268;178;0;0
3;4;1741090805437;274;9465;1331;940;64;80;268;178;0;0
3;4;1741090805443;283;9465;1331;940;64;80;268;178;0;0
3;4;1741090805453;286;9465;1331;940;64;80;268;178;0;0
3;4;1741090805459;295;9465;1331;940;64;80;268;178;0;0
3;4;1741090805468;308;9465;1331;940;64;80;268;178;0;0
3;4;1741090805476;318;9465;1331;940;64;80;268;178;0;0
3;4;1741090805485;328;9465;1331;940;64;80;268;178;0;0
3;4;1741090805494;339;9465;1331;940;64;80;268;178;0;0
3;4;1741090805502;349;9465;1331;940;64;80;268;178;0;0
3;4;1741090805510;359;9465;1331;940;64;80;268;178;0;0
3;4;1741090805519;371;9465;1331;940;64;80;268;178;0;0
3;4;1741090805527;384;9465;1331;940;64;80;268;178;0;0
3;4;1741090805535;395;9465;1331;940;64;80;268;178;0;0
3;4;1741090805544;406;9465;1331;940;64;80;268;178;0;0
3;4;1741090805552;416;9465;1331;940;64;80;268;178;0;0
3;4;1741090805560;426;9465;1331;940;64;80;268;178;0;0
3;4;1741090805569;436;9465;1331;940;64;80;268;178;0;0
3;4;1741090805577;445;9465;1331;940;64;80;268;178;0;0
3;4;1741090805585;454;9465;1331;940;64;80;268;178;0;0
3;4;1741090805594;462;9465;1331;940;64;80;268;178;0;0
3;4;1741090805602;470;9465;1331;940;64;80;268;178;0;0
3;4;1741090805610;478;9465;1331;940;64;80;268;178;0;0
3;4;1741090805627;493;9465;1331;940;64;80;268;178;0;0
3;4;1741090805635;500;9465;1331;940;64;80;268;178;0;0
3;4;1741090805644;507;9465;1331;940;64;80;268;178;0;0
3;4;1741090805652;514;9465;1331;940;64;80;268;178;0;0
3;4;1741090805660;520;9465;1331;940;64;80;268;178;0;0
3;4;1741090805669;526;9465;1331;940;64;80;268;178;0;0
3;4;1741090805677;531;9465;1331;940;64;80;268;178;0;0
3;4;1741090805686;536;9465;1331;940;64;80;268;178;0;0
3;4;1741090805694;541;9465;1331;940;64;80;268;178;0;0
3;4;1741090805702;546;9465;1331;940;64;80;268;178;0;0
3;4;1741090805711;551;9465;1331;940;64;80;268;178;0;0
3;4;1741090805719;555;9465;1331;940;64;80;268;178;0;0
3;4;1741090805727;559;9465;1331;940;64;80;268;178;0;0
3;4;1741090805736;563;9465;1331;940;64;80;268;178;0;0
3;4;1741090805744;567;9465;1331;940;64;80;268;178;0;0
3;4;1741090805752;571;9465;1331;940;64;80;268;178;0;0
3;4;1741090805760;575;9465;1331;940;64;80;268;178;0;0
3;4;1741090805769;578;9465;1331;940;64;80;268;178;0;0
3;4;1741090805776;581;9465;1331;940;64;80;268;178;0;0
3;4;1741090805785;584;9465;1331;940;64;80;268;178;0;0
3;4;1741090805794;587;9465;1331;940;64;80;268;178;0;0
3;4;1741090805802;590;9465;1331;940;64;80;268;178;0;0
3;4;1741090805810;593;9465;1331;940;64;80;268;178;0;0
3;4;1741090805818;596;9465;1331;940;64;80;268;178;0;0
3;4;1741090805827;599;9465;1331;940;64;80;268;178;0;0
3;4;1741090805835;602;9465;1331;940;64;80;268;178;0;0
3;4;1741090805844;605;9465;1331;940;64;80;268;178;0;0
3;4;1741090805852;608;9465;1331;940;64;80;268;178;0;0
3;4;1741090805860;611;9465;1331;940;64;80;268;178;0;0
3;4;1741090805876;615;9465;1331;940;64;80;268;178;0;0
3;4;1741090805885;617;9465;1331;940;64;80;268;178;0;0
3;4;1741090805893;619;9465;1331;940;64;80;268;178;0;0
3;4;1741090805902;621;9465;1331;940;64;80;268;178;0;0
3;4;1741090805910;623;9465;1331;940;64;80;268;178;0;0
3;4;1741090805919;625;9465;1331;940;64;80;268;178;0;0
3;4;1741090805927;627;9465;1331;940;64;80;268;178;0;0
3;4;1741090805936;629;9465;1331;940;64;80;268;178;0;0
3;4;1741090805944;631;9465;1331;940;64;80;268;178;0;0
3;4;1741090805952;633;9465;1331;940;64;80;268;178;0;0
3;4;1741090805960;635;9465;1331;940;64;80;268;178;0;0
3;4;1741090805969;636;9465;1331;940;64;80;268;178;0;0
3;4;1741090805977;637;9465;1331;940;64;80;268;178;0;0
3;4;1741090805994;639;9465;1331;940;64;80;268;178;0;0
3;4;1741090806011;641;9465;1331;940;64;80;268;178;0;0
3;4;1741090806028;643;9465;1331;940;64;80;268;178;0;0
3;4;1741090806044;645;9465;1331;940;64;80;268;178;0;0
3;4;1741090806061;647;9465;1331;940;64;80;268;178;0;0
3;4;1741090806078;648;9465;1331;940;64;80;268;178;0;0
3;4;1741090806096;649;9465;1331;940;64;80;268;178;0;0
3;4;1741090806112;650;9465;1331;940;64;80;268;178;0;0
3;4;1741090806128;651;9465;1331;940;64;80;268;178;0;0
3;4;1741090806144;652;9465;1331;940;64;80;268;178;0;0
3;4;1741090806178;653;9465;1331;940;64;80;268;178;0;0
3;4;1741090806211;654;9465;1331;940;64;80;268;178;0;0
3;4;1741090806244;655;9465;1331;940;64;80;268;178;0;0
3;4;1741090807557;656;9465;1331;940;64;80;268;178;0;0
3;4;1741090807560;658;9465;1331;940;64;80;268;178;0;0
3;4;1741090807579;664;9465;1331;940;64;80;268;178;0;0
3;4;1741090807585;668;9465;1331;940;64;80;268;178;0;0
3;4;1741090807593;672;9465;1331;940;64;80;268;178;0;0
3;4;1741090807601;675;9465;1331;940;64;80;268;178;0;0
3;4;1741090807610;679;9465;1331;940;64;80;268;178;0;0
3;4;1741090807635;698;9465;1331;940;64;80;268;178;0;0
3;4;1741090807644;700;9465;1331;940;64;80;268;178;0;0
3;4;1741090807651;709;9465;1331;940;64;80;268;178;0;0
3;4;1741090807661;716;9465;1331;940;64;80;268;178;0;0
3;4;1741090807670;723;9465;1331;940;64;80;268;178;0;0
3;4;1741090807676;730;9465;1331;940;64;80;268;178;0;0
3;4;1741090807685;737;9465;1331;940;64;80;268;178;0;0
3;4;1741090807694;745;9465;1331;940;64;80;268;178;0;0
3;4;1741090807702;753;9465;1331;940;64;80;268;178;0;0
3;4;1741090807711;761;9465;1331;940;64;80;268;178;0;0
3;4;1741090807718;769;9465;1331;940;64;80;268;178;0;0
3;4;1741090807727;777;9465;1331;940;64;80;268;178;0;0
3;4;1741090807735;785;9465;1331;940;64;80;268;178;0;0
3;4;1741090807743;792;9465;1331;940;64;80;268;178;0;0
3;4;1741090807752;799;9465;1331;940;64;80;268;178;0;0
3;4;1741090807760;806;9465;1331;940;64;80;268;178;0;0
3;4;1741090807768;812;9465;1331;940;64;80;268;178;0;0
3;4;1741090807776;818;9465;1331;940;64;80;268;178;0;0
3;4;1741090807785;823;9465;1331;940;64;80;268;178;0;0
3;4;1741090807793;828;9465;1331;940;64;80;268;178;0;0
3;4;1741090807802;833;9465;1331;940;64;80;268;178;0;0
3;4;1741090807810;838;9465;1331;940;64;80;268;178;0;0
3;4;1741090807818;843;9465;1331;940;64;80;268;178;0;0
3;4;1741090807827;847;9465;1331;940;64;80;268;178;0;0
3;4;1741090807835;851;9465;1331;940;64;80;268;178;0;0
3;4;1741090807843;855;9465;1331;940;64;80;268;178;0;0
3;4;1741090807852;859;9465;1331;940;64;80;268;178;0;0
3;4;1741090807860;863;9465;1331;940;64;80;268;178;0;0
3;4;1741090807885;873;9465;1331;940;64;80;268;178;0;0
3;4;1741090807894;876;9465;1331;940;64;80;268;178;0;0
3;4;1741090807902;879;9465;1331;940;64;80;268;178;0;0
3;4;1741090807911;882;9465;1331;940;64;80;268;178;0;0
3;4;1741090807918;885;9465;1331;940;64;80;268;178;0;0
3;4;1741090807927;888;9465;1331;940;64;80;268;178;0;0
3;4;1741090807935;891;9465;1331;940;64;80;268;178;0;0
3;4;1741090807945;894;9465;1331;940;64;80;268;178;0;0
3;4;1741090807952;897;9465;1331;940;64;80;268;178;0;0
3;4;1741090807961;900;9465;1331;940;64;80;268;178;0;0
3;4;1741090807969;902;9465;1331;940;64;80;268;178;0;0
3;4;1741090807977;904;9465;1331;940;64;80;268;178;0;0
3;4;1741090807985;906;9465;1331;940;64;80;268;178;0;0
3;4;1741090807994;908;9465;1331;940;64;80;268;178;0;0
3;4;1741090808002;910;9465;1331;940;64;80;268;178;0;0
3;4;1741090808011;912;9465;1331;940;64;80;268;178;0;0
3;4;1741090808018;914;9465;1331;940;64;80;268;178;0;0
3;4;1741090808028;916;9465;1331;940;64;80;268;178;0;0
3;4;1741090808035;918;9465;1331;940;64;80;268;178;0;0
3;4;1741090808044;920;9465;1331;940;64;80;268;178;0;0
3;4;1741090808051;922;9465;1331;940;64;80;268;178;0;0
3;4;1741090808060;924;9465;1331;940;64;80;268;178;0;0
3;4;1741090808068;926;9465;1331;940;64;80;268;178;0;0
3;4;1741090808078;928;9465;1331;940;64;80;268;178;0;0
3;4;1741090808095;931;9465;1331;940;64;80;268;178;0;0
3;4;1741090808113;933;9465;1331;940;64;80;268;178;0;0
3;4;1741090808246;938;9465;1331;940;64;80;268;178;0;0
3;4;1741090808252;941;9465;1331;940;64;80;268;178;0;0
3;4;1741090808260;942;9465;1331;940;64;80;268;178;0;0
3;4;1741090808270;946;9465;1331;940;64;80;268;178;0;0
3;4;1741090808276;954;9465;1331;940;64;80;268;178;0;0
3;4;1741090808285;958;9465;1331;940;64;80;268;178;0;0
3;4;1741090808294;962;9465;1331;940;64;80;268;178;0;0
3;4;1741090808302;967;9465;1331;940;64;80;268;178;0;0
3;4;1741090808310;970;9465;1331;940;64;80;268;178;0;0
3;4;1741090808319;983;9465;1331;940;64;80;268;178;0;0
3;4;1741090808327;990;9465;1331;940;64;80;268;178;0;0
3;4;1741090808335;997;9465;1331;940;64;80;268;178;0;0
3;4;1741090808343;1004;9465;1331;940;64;80;268;178;0;0
3;4;1741090808352;1012;9465;1331;940;64;80;268;178;0;0
3;4;1741090808360;1020;9465;1331;940;64;80;268;178;0;0
3;4;1741090808377;1036;9465;1331;940;64;80;268;178;0;0
3;4;1741090808385;1044;9465;1331;940;64;80;268;178;0;0
3;4;1741090808393;1052;9465;1331;940;64;80;268;178;0;0
3;4;1741090808402;1059;9465;1331;940;64;80;268;178;0;0
3;4;1741090808410;1066;9465;1331;940;64;80;268;178;0;0
3;4;1741090808418;1073;9465;1331;940;64;80;268;178;0;0
3;4;1741090808427;1079;9465;1331;940;64;80;268;178;0;0
3;4;1741090808435;1085;9465;1331;940;64;80;268;178;0;0
3;4;1741090808443;1090;9465;1331;940;64;80;268;178;0;0
3;4;1741090808451;1095;9465;1331;940;64;80;268;178;0;0
3;4;1741090808460;1100;9465;1331;940;64;80;268;178;0;0
3;4;1741090808468;1105;9465;1331;940;64;80;268;178;0;0
3;4;1741090808476;1110;9465;1331;940;64;80;268;178;0;0
3;4;1741090808485;1114;9465;1331;940;64;80;268;178;0;0
3;4;1741090808494;1118;9465;1331;940;64;80;268;178;0;0
3;4;1741090808504;1122;9465;1331;940;64;80;268;178;0;0
3;4;1741090808511;1126;9465;1331;940;64;80;268;178;0;0
3;4;1741090808521;1130;9465;1331;940;64;80;268;178;0;0
3;4;1741090808528;1134;9465;1331;940;64;80;268;178;0;0
3;4;1741090808538;1137;9465;1331;940;64;80;268;178;0;0
3;4;1741090808543;1140;9465;1331;940;64;80;268;178;0;0
3;4;1741090808554;1143;9465;1331;940;64;80;268;178;0;0
3;4;1741090808560;1146;9465;1331;940;64;80;268;178;0;0
3;4;1741090808570;1149;9465;1331;940;64;80;268;178;0;0
3;4;1741090808578;1152;9465;1331;940;64;80;268;178;0;0
3;4;1741090808586;1155;9465;1331;940;64;80;268;178;0;0
3;4;1741090808596;1158;9465;1331;940;64;80;268;178;0;0
3;4;1741090808603;1161;9465;1331;940;64;80;268;178;0;0
3;4;1741090808635;1169;9465;1331;940;64;80;268;178;0;0
3;4;1741090808644;1171;9465;1331;940;64;80;268;178;0;0
3;4;1741090808652;1173;9465;1331;940;64;80;268;178;0;0
3;4;1741090808660;1175;9465;1331;940;64;80;268;178;0;0
3;4;1741090808670;1177;9465;1331;940;64;80;268;178;0;0
3;4;1741090808677;1179;9465;1331;940;64;80;268;178;0;0
3;4;1741090808686;1181;9465;1331;940;64;80;268;178;0;0
3;4;1741090808694;1183;9465;1331;940;64;80;268;178;0;0
3;4;1741090808702;1185;9465;1331;940;64;80;268;178;0;0
3;4;1741090808712;1187;9465;1331;940;64;80;268;178;0;0
3;4;1741090808721;1189;9465;1331;940;64;80;268;178;0;0
3;4;1741090808726;1190;9465;1331;940;64;80;268;178;0;0
3;4;1741090808736;1193;9465;1331;940;64;80;268;178;0;0
3;4;1741090808761;1195;9465;1331;940;64;80;268;178;0;0
3;4;1741090808778;1197;9465;1331;940;64;80;268;178;0;0
3;4;1741090808794;1199;9465;1331;940;64;80;268;178;0;0
3;4;1741090808812;1201;9465;1331;940;64;80;268;178;0;0
3;4;1741090808820;1202;9465;1331;940;64;80;268;178;0;0
3;4;1741090808837;1203;9465;1331;940;64;80;268;178;0;0
3;4;1741090808855;1204;9465;1331;940;64;80;268;178;0;0
3;4;1741090808887;1206;9465;1331;940;64;80;268;178;0;0
3;4;1741090808911;1207;9465;1331;940;64;80;268;178;0;0
3;4;1741090808939;1208;9465;1331;940;64;80;268;178;0;0
3;4;1741090809044;1211;9465;1331;940;64;80;268;178;0;0
3;4;1741090809052;1214;9465;1331;940;64;80;268;178;0;0
3;4;1741090809061;1217;9465;1331;940;64;80;268;178;0;0
3;4;1741090809068;1221;9465;1331;940;64;80;268;178;0;0
3;4;1741090809077;1225;9465;1331;940;64;80;268;178;0;0
3;4;1741090809085;1228;9465;1331;940;64;80;268;178;0;0
3;4;1741090809093;1231;9465;1331;940;64;80;268;178;0;0
3;4;1741090809102;1233;9465;1331;940;64;80;268;178;0;0
3;4;1741090809110;1237;9465;1331;940;64;80;268;178;0;0
3;4;1741090809135;1247;9465;1331;940;64;80;268;178;0;0
3;4;1741090809144;1251;9465;1331;940;64;80;268;178;0;0
3;4;1741090809152;1255;9465;1331;940;64;80;268;178;0;0
3;4;1741090809160;1258;9465;1331;940;64;80;268;178;0;0
3;4;1741090809168;1262;9465;1331;940;64;80;268;178;0;0
3;4;1741090809177;1266;9465;1331;940;64;80;268;178;0;0
3;4;1741090809185;1270;9465;1331;940;64;80;268;178;0;0
3;4;1741090809202;1278;9465;1331;940;64;80;268;178;0;0
3;4;1741090809210;1281;9465;1331;940;64;80;268;178;0;0
3;4;1741090809218;1284;9465;1331;940;64;80;268;178;0;0
3;4;1741090809227;1287;9465;1331;940;64;80;268;178;0;0
3;4;1741090809235;1290;9465;1331;940;64;80;268;178;0;0
3;4;1741090809243;1293;9465;1331;940;64;80;268;178;0;0
3;4;1741090809252;1296;9465;1331;940;64;80;268;178;0;0
3;4;1741090809260;1299;9465;1331;940;64;80;268;178;0;0
3;4;1741090809268;1302;9465;1331;940;64;80;268;178;0;0
3;4;1741090809277;1305;9465;1331;940;64;80;268;178;0;0
3;4;1741090809285;1308;9465;1331;940;64;80;268;178;0;0
3;4;1741090809293;1311;9465;1331;940;64;80;268;178;0;0
3;4;1741090809303;1314;9465;1331;940;64;80;268;178;0;0
3;4;1741090809310;1317;9465;1331;940;64;80;268;178;0;0
3;4;1741090809319;1319;9465;1331;940;64;80;268;178;0;0
3;4;1741090809327;1321;9465;1331;940;64;80;268;178;0;0
3;4;1741090809335;1323;9465;1331;940;64;80;268;178;0;0
3;4;1741090809343;1325;9465;1331;940;64;80;268;178;0;0
3;4;1741090809352;1327;9465;1331;940;64;80;268;178;0;0
3;4;1741090809360;1329;9465;1331;940;64;80;268;178;0;0
3;4;1741090809377;1333;9465;1331;940;64;80;268;178;0;0
3;4;1741090809385;1335;9465;1331;940;64;80;268;178;0;0
3;4;1741090809393;1337;9465;1331;940;64;80;268;178;0;0
3;4;1741090809402;1339;9465;1331;940;64;80;268;178;0;0
3;4;1741090809410;1341;9465;1331;940;64;80;268;178;0;0
3;4;1741090809427;1343;9465;1331;940;64;80;268;178;0;0
3;4;1741090809443;1345;9465;1331;940;64;80;268;178;0;0
3;4;1741090809460;1347;9465;1331;940;64;80;268;178;0;0
3;4;1741090809478;1349;9465;1331;940;64;80;268;178;0;0
3;4;1741090809497;1351;9465;1331;940;64;80;268;178;0;0
3;4;1741090809512;1352;9465;1331;940;64;80;268;178;0;0
3;4;1741090809528;1353;9465;1331;940;64;80;268;178;0;0
3;4;1741090809543;1354;9465;1331;940;64;80;268;178;0;0
3;4;1741090809562;1355;9465;1331;940;64;80;268;178;0;0
3;4;1741090809580;1356;9465;1331;940;64;80;268;178;0;0
3;4;1741090809611;1357;9465;1331;940;64;80;268;178;0;0
3;4;1741090809645;1358;9465;1331;940;64;80;268;178;0;0
3;4;1741090809678;1359;9465;1331;940;64;80;268;178;0;0
3;4;1741090809746;1360;9465;1331;940;64;80;268;178;0;0
3;4;1741090810427;1364;9465;1331;940;64;80;268;178;0;0
3;4;1741090810436;1366;9465;1331;940;64;80;268;178;0;0
3;4;1741090810444;1377;9465;1331;940;64;80;268;178;0;0
3;4;1741090810452;1385;9465;1331;940;64;80;268;178;0;0
3;4;1741090810460;1395;9465;1331;940;64;80;268;178;0;0
3;4;1741090810468;1406;9465;1331;940;64;80;268;178;0;0
3;4;1741090810477;1417;9465;1331;940;64;80;268;178;0;0
3;4;1741090810486;1422;9465;1331;940;64;80;268;178;0;0
3;4;1741090810494;1434;9465;1331;940;64;80;268;178;0;0
3;4;1741090810502;1449;9465;1331;940;64;80;268;178;0;0
3;4;1741090810510;1464;9465;1331;940;64;80;268;178;0;0
3;4;1741090810518;1479;9465;1331;940;64;80;268;178;0;0
3;4;1741090810527;1495;9465;1331;940;64;80;268;178;0;0
3;4;1741090810535;1511;9465;1331;940;64;80;268;178;0;0
3;4;1741090810543;1529;9465;1331;940;64;80;268;178;0;0
3;4;1741090810551;1548;9465;1331;940;64;80;268;178;0;0
3;4;1741090810560;1565;9465;1331;940;64;80;268;178;0;0
3;4;1741090810568;1582;9465;1331;940;64;80;268;178;0;0
3;4;1741090810576;1599;9465;1331;940;64;80;268;178;0;0
3;4;1741090810585;1614;9465;1331;940;64;80;268;178;0;0
3;4;1741090810593;1629;9465;1331;940;64;80;268;178;0;0
3;4;1741090810601;1644;9465;1331;940;64;80;268;178;0;0
3;4;1741090810610;1657;9465;1331;940;64;80;268;178;0;0
3;4;1741090810635;1695;9465;1331;940;64;80;268;178;0;0
3;4;1741090810644;1706;9465;1331;940;64;80;268;178;0;0
3;4;1741090810652;1717;9465;1331;940;64;80;268;178;0;0
3;4;1741090810661;1728;9465;1331;940;64;80;268;178;0;0
3;4;1741090810668;1738;9465;1331;940;64;80;268;178;0;0
3;4;1741090810677;1748;9465;1331;940;64;80;268;178;0;0
3;4;1741090810685;1757;9465;1331;940;64;80;268;178;0;0
3;4;1741090810694;1765;9465;1331;940;64;80;268;178;0;0
3;4;1741090810703;1773;9465;1331;940;64;80;268;178;0;0
3;4;1741090810710;1781;9465;1331;940;64;80;268;178;0;0
3;4;1741090810719;1789;9465;1331;940;64;80;268;178;0;0
3;4;1741090810728;1797;9465;1331;940;64;80;268;178;0;0
3;4;1741090810736;1804;9465;1331;940;64;80;268;178;0;0
3;4;1741090810744;1811;9465;1331;940;64;80;268;178;0;0
3;4;1741090810751;1818;9465;1331;940;64;80;268;178;0;0
3;4;1741090810761;1825;9465;1331;940;64;80;268;178;0;0
3;4;1741090810769;1831;9465;1331;940;64;80;268;178;0;0
3;4;1741090810778;1837;9465;1331;940;64;80;268;178;0;0
3;4;1741090810785;1842;9465;1331;940;64;80;268;178;0;0
3;4;1741090810793;1847;9465;1331;940;64;80;268;178;0;0
3;4;1741090810803;1852;9465;1331;940;64;80;268;178;0;0
3;4;1741090810809;1857;9465;1331;940;64;80;268;178;0;0
3;4;1741090810819;1862;9465;1331;940;64;80;268;178;0;0
3;4;1741090810829;1866;9465;1331;940;64;80;268;178;0;0
3;4;1741090810835;1870;9465;1331;940;64;80;268;178;0;0
3;4;1741090810843;1874;9465;1331;940;64;80;268;178;0;0
3;4;1741090810853;1878;9465;1331;940;64;80;268;178;0;0
3;4;1741090810860;1882;9465;1331;940;64;80;268;178;0;0
3;4;1741090810885;1892;9465;1331;940;64;80;268;178;0;0
3;4;1741090810892;1895;9465;1331;940;64;80;268;178;0;0
3;4;1741090810903;1898;9465;1331;940;64;80;268;178;0;0
3;4;1741090810910;1901;9465;1331;940;64;80;268;178;0;0
3;4;1741090810920;1904;9465;1331;940;64;80;268;178;0;0
3;4;1741090810927;1907;9465;1331;940;64;80;268;178;0;0
3;4;1741090810937;1910;9465;1331;940;64;80;268;178;0;0
3;4;1741090810942;1913;9465;1331;940;64;80;268;178;0;0
3;4;1741090810953;1916;9465;1331;940;64;80;268;178;0;0
3;4;1741090810960;1919;9465;1331;940;64;80;268;178;0;0
3;4;1741090810968;1922;9465;1331;940;64;80;268;178;0;0
3;4;1741090810978;1924;9465;1331;940;64;80;268;178;0;0
3;4;1741090810985;1926;9465;1331;940;64;80;268;178;0;0
3;4;1741090810995;1928;9465;1331;940;64;80;268;178;0;0
3;4;1741090811002;1930;9465;1331;940;64;80;268;178;0;0
3;4;1741090811011;1932;9465;1331;940;64;80;268;178;0;0
3;4;1741090811018;1934;9465;1331;940;64;80;268;178;0;0
3;4;1741090811027;1936;9465;1331;940;64;80;268;178;0;0
3;4;1741090811036;1938;9465;1331;940;64;80;268;178;0;0
3;4;1741090811044;1940;9465;1331;940;64;80;268;178;0;0
3;4;1741090811053;1942;9465;1331;940;64;80;268;178;0;0
3;4;1741090811060;1943;9465;1331;940;64;80;268;178;0;0
3;4;1741090811070;1944;9465;1331;940;64;80;268;178;0;0
3;4;1741090811086;1946;9465;1331;940;64;80;268;178;0;0
3;4;1741090811103;1948;9465;1331;940;64;80;268;178;0;0
3;4;1741090811135;1952;9465;1331;940;64;80;268;178;0;0
3;4;1741090811152;1954;9465;1331;940;64;80;268;178;0;0
3;4;1741090811170;1955;9465;1331;940;64;80;268;178;0;0
3;4;1741090811187;1956;9465;1331;940;64;80;268;178;0;0
3;4;1741090811203;1957;9465;1331;940;64;80;268;178;0;0
3;4;1741090811220;1958;9465;1331;940;64;80;268;178;0;0
3;4;1741090811236;1959;9465;1331;940;64;80;268;178;0;0
3;4;1741090811269;1960;9465;1331;940;64;80;268;178;0;0
3;4;1741090811303;1961;9465;1331;940;64;80;268;178;0;0
3;4;1741090811337;1962;9465;1331;940;64;80;268;178;0;0
3;4;1741090811400;1963;9465;1331;940;64;80;268;178;0;0
3;4;1741090811605;1967;9465;1331;940;64;80;268;178;0;0
3;4;1741090811610;1968;9465;1331;940;64;80;268;178;0;0
3;4;1741090811635;1988;9465;1331;940;64;80;268;178;0;0
3;4;1741090811644;1995;9465;1331;940;64;80;268;178;0;0
3;4;1741090811651;2001;9465;1331;940;64;80;268;178;0;0
3;4;1741090811660;2010;9465;1331;940;64;80;268;178;0;0
3;4;1741090811668;2022;9465;1331;940;64;80;268;178;0;0
3;4;1741090811676;2031;9465;1331;940;64;80;268;178;0;0
3;4;1741090811685;2041;9465;1331;940;64;80;268;178;0;0
3;4;1741090811693;2053;9465;1331;940;64;80;268;178;0;0
3;4;1741090811702;2065;9465;1331;940;64;80;268;178;0;0
3;4;1741090811710;2077;9465;1331;940;64;80;268;178;0;0
3;4;1741090811718;2090;9465;1331;940;64;80;268;178;0;0
3;4;1741090811727;2103;9465;1331;940;64;80;268;178;0;0
3;4;1741090811735;2119;9465;1331;940;64;80;268;178;0;0
3;4;1741090811743;2134;9465;1331;940;64;80;268;178;0;0
3;4;1741090811752;2149;9465;1331;940;64;80;268;178;0;0
3;4;1741090811760;2162;9465;1331;940;64;80;268;178;0;0
3;4;1741090811768;2175;9465;1331;940;64;80;268;178;0;0
3;4;1741090811776;2188;9465;1331;940;64;80;268;178;0;0
3;4;1741090811785;2201;9465;1331;940;64;80;268;178;0;0
3;4;1741090811793;2212;9465;1331;940;64;80;268;178;0;0
3;4;1741090811802;2223;9465;1331;940;64;80;268;178;0;0
3;4;1741090811810;2234;9465;1331;940;64;80;268;178;0;0
3;4;1741090811818;2244;9465;1331;940;64;80;268;178;0;0
3;4;1741090811826;2254;9465;1331;940;64;80;268;178;0;0
3;4;1741090811835;2264;9465;1331;940;64;80;268;178;0;0
3;4;1741090811843;2273;9465;1331;940;64;80;268;178;0;0
3;4;1741090811852;2282;9465;1331;940;64;80;268;178;0;0
3;4;1741090811860;2290;9465;1331;940;64;80;268;178;0;0
3;4;1741090811877;2306;9465;1331;940;64;80;268;178;0;0
3;4;1741090811884;2314;9465;1331;940;64;80;268;178;0;0
3;4;1741090811893;2321;9465;1331;940;64;80;268;178;0;0
3;4;1741090811902;2328;9465;1331;940;64;80;268;178;0;0
3;4;1741090811910;2335;9465;1331;940;64;80;268;178;0;0
3;4;1741090811919;2342;9465;1331;940;64;80;268;178;0;0
3;4;1741090811927;2348;9465;1331;940;64;80;268;178;0;0
3;4;1741090811935;2354;9465;1331;940;64;80;268;178;0;0
3;4;1741090811943;2359;9465;1331;940;64;80;268;178;0;0
3;4;1741090811952;2364;9465;1331;940;64;80;268;178;0;0
3;4;1741090811961;2369;9465;1331;940;64;80;268;178;0;0
3;4;1741090811968;2374;9465;1331;940;64;80;268;178;0;0
3;4;1741090811978;2378;9465;1331;940;64;80;268;178;0;0
3;4;1741090811985;2382;9465;1331;940;64;80;268;178;0;0
3;4;1741090811993;2386;9465;1331;940;64;80;268;178;0;0
3;4;1741090812003;2390;9465;1331;940;64;80;268;178;0;0
3;4;1741090812010;2394;9465;1331;940;64;80;268;178;0;0
3;4;1741090812019;2398;9465;1331;940;64;80;268;178;0;0
3;4;1741090812028;2401;9465;1331;940;64;80;268;178;0;0
3;4;1741090812035;2404;9465;1331;940;64;80;268;178;0;0
3;4;1741090812045;2407;9465;1331;940;64;80;268;178;0;0
3;4;1741090812051;2410;9465;1331;940;64;80;268;178;0;0
3;4;1741090812061;2413;9465;1331;940;64;80;268;178;0;0
3;4;1741090812069;2416;9465;1331;940;64;80;268;178;0;0
3;4;1741090812078;2419;9465;1331;940;64;80;268;178;0;0
3;4;1741090812085;2422;9465;1331;940;64;80;268;178;0;0
3;4;1741090812093;2425;9465;1331;940;64;80;268;178;0;0
3;4;1741090812102;2428;9465;1331;940;64;80;268;178;0;0
3;4;1741090812111;2431;9465;1331;940;64;80;268;178;0;0
3;4;1741090812135;2437;9465;1331;940;64;80;268;178;0;0
3;4;1741090812143;2439;9465;1331;940;64;80;268;178;0;0
3;4;1741090812152;2441;9465;1331;940;64;80;268;178;0;0
3;4;1741090812160;2443;9465;1331;940;64;80;268;178;0;0
3;4;1741090812168;2445;9465;1331;940;64;80;268;178;0;0
3;4;1741090812178;2447;9465;1331;940;64;80;268;178;0;0
3;4;1741090812185;2449;9465;1331;940;64;80;268;178;0;0
3;4;1741090812194;2451;9465;1331;940;64;80;268;178;0;0
3;4;1741090812202;2453;9465;1331;940;64;80;268;178;0;0
3;4;1741090812211;2455;9465;1331;940;64;80;268;178;0;0
3;4;1741090812219;2456;9465;1331;940;64;80;268;178;0;0
3;4;1741090812227;2457;9465;1331;940;64;80;268;178;0;0
3;4;1741090812244;2459;9465;1331;940;64;80;268;178;0;0
3;4;1741090812261;2461;9465;1331;940;64;80;268;178;0;0
3;4;1741090812277;2463;9465;1331;940;64;80;268;178;0;0
3;4;1741090812294;2465;9465;1331;940;64;80;268;178;0;0
3;4;1741090812313;2466;9465;1331;940;64;80;268;178;0;0
3;4;1741090812330;2467;9465;1331;940;64;80;268;178;0;0
3;4;1741090812345;2468;9465;1331;940;64;80;268;178;0;0
3;4;1741090812362;2469;9465;1331;940;64;80;268;178;0;0
3;4;1741090812394;2471;9465;1331;940;64;80;268;178;0;0
3;4;1741090812431;2472;9465;1331;940;64;80;268;178;0;0
3;4;1741090813741;2473;9465;1331;940;64;80;268;178;0;0
3;4;1741090813752;2475;9465;1331;940;64;80;268;178;0;0
3;4;1741090813760;2479;9465;1331;940;64;80;268;178;0;0
3;4;1741090813768;2481;9465;1331;940;64;80;268;178;0;0
3;4;1741090813777;2486;9465;1331;940;64;80;268;178;0;0
3;4;1741090813786;2492;9465;1331;940;64;80;268;178;0;0
3;4;1741090813793;2505;9465;1331;940;64;80;268;178;0;0
3;4;1741090813802;2512;9465;1331;940;64;80;268;178;0;0
3;4;1741090813810;2519;9465;1331;940;64;80;268;178;0;0
3;4;1741090813818;2525;9465;1331;940;64;80;268;178;0;0
3;4;1741090813827;2534;9465;1331;940;64;80;268;178;0;0
3;4;1741090813835;2550;9465;1331;940;64;80;268;178;0;0
3;4;1741090813843;2563;9465;1331;940;64;80;268;178;0;0
3;4;1741090813851;2577;9465;1331;940;64;80;268;178;0;0
3;4;1741090813860;2591;9465;1331;940;64;80;268;178;0;0
3;4;1741090813877;2620;9465;1331;940;64;80;268;178;0;0
3;4;1741090813885;2636;9465;1331;940;64;80;268;178;0;0
3;4;1741090813893;2653;9465;1331;940;64;80;268;178;0;0
3;4;1741090813903;2670;9465;1331;940;64;80;268;178;0;0
3;4;1741090813910;2685;9465;1331;940;64;80;268;178;0;0
3;4;1741090813918;2700;9465;1331;940;64;80;268;178;0;0
3;4;1741090813926;2715;9465;1331;940;64;80;268;178;0;0
3;4;1741090813935;2728;9465;1331;940;64;80;268;178;0;0
3;4;1741090813943;2741;9465;1331;940;64;80;268;178;0;0
3;4;1741090813952;2753;9465;1331;940;64;80;268;178;0;0
3;4;1741090813960;2764;9465;1331;940;64;80;268;178;0;0
3;4;1741090813968;2775;9465;1331;940;64;80;268;178;0;0
3;4;1741090813977;2786;9465;1331;940;64;80;268;178;0;0
3;4;1741090813985;2797;9465;1331;940;64;80;268;178;0;0
3;4;1741090813994;2807;9465;1331;940;64;80;268;178;0;0
3;4;1741090814003;2817;9465;1331;940;64;80;268;178;0;0
3;4;1741090814011;2826;9465;1331;940;64;80;268;178;0;0
3;4;1741090814019;2835;9465;1331;940;64;80;268;178;0;0
3;4;1741090814036;2851;9465;1331;940;64;80;268;178;0;0
3;4;1741090814045;2859;9465;1331;940;64;80;268;178;0;0
3;4;1741090814053;2867;9465;1331;940;64;80;268;178;0;0
3;4;1741090814062;2874;9465;1331;940;64;80;268;178;0;0
3;4;1741090814070;2881;9465;1331;940;64;80;268;178;0;0
3;4;1741090814079;2888;9465;1331;940;64;80;268;178;0;0
3;4;1741090814085;2894;9465;1331;940;64;80;268;178;0;0
3;4;1741090814095;2900;9465;1331;940;64;80;268;178;0;0
3;4;1741090814102;2905;9465;1331;940;64;80;268;178;0;0
3;4;1741090814112;2910;9465;1331;940;64;80;268;178;0;0
3;4;1741090814127;2920;9465;1331;940;64;80;268;178;0;0
3;4;1741090814135;2925;9465;1331;940;64;80;268;178;0;0
3;4;1741090814144;2929;9465;1331;940;64;80;268;178;0;0
3;4;1741090814153;2933;9465;1331;940;64;80;268;178;0;0
3;4;1741090814161;2937;9465;1331;940;64;80;268;178;0;0
3;4;1741090814170;2941;9465;1331;940;64;80;268;178;0;0
3;4;1741090814177;2945;9465;1331;940;64;80;268;178;0;0
3;4;1741090814185;2949;9465;1331;940;64;80;268;178;0;0
3;4;1741090814196;2953;9465;1331;940;64;80;268;178;0;0
3;4;1741090814202;2956;9465;1331;940;64;80;268;178;0;0
3;4;1741090814211;2959;9465;1331;940;64;80;268;178;0;0
3;4;1741090814219;2962;9465;1331;940;64;80;268;178;0;0
3;4;1741090814229;2965;9465;1331;940;64;80;268;178;0;0
3;4;1741090814236;2968;9465;1331;940;64;80;268;178;0;0
3;4;1741090814245;2971;9465;1331;940;64;80;268;178;0;0
3;4;1741090814251;2974;9465;1331;940;64;80;268;178;0;0
3;4;1741090814261;2977;9465;1331;940;64;80;268;178;0;0
3;4;1741090814269;2980;9465;1331;940;64;80;268;178;0;0
3;4;1741090814277;2983;9465;1331;940;64;80;268;178;0;0
3;4;1741090814287;2986;9465;1331;940;64;80;268;178;0;0
3;4;1741090814293;2988;9465;1331;940;64;80;268;178;0;0
3;4;1741090814304;2990;9465;1331;940;64;80;268;178;0;0
3;4;1741090814310;2992;9465;1331;940;64;80;268;178;0;0
3;4;1741090814320;2994;9465;1331;940;64;80;268;178;0;0
3;4;1741090814329;2996;9465;1331;940;64;80;268;178;0;0
3;4;1741090814335;2998;9465;1331;940;64;80;268;178;0;0
3;4;1741090814344;3000;9465;1331;940;64;80;268;178;0;0
3;4;1741090814360;3004;9465;1331;940;64;80;268;178;0;0
3;4;1741090814378;3008;9465;1331;940;64;80;268;178;0;0
3;4;1741090814385;3009;9465;1331;940;64;80;268;178;0;0
3;4;1741090814395;3011;9465;1331;940;64;80;268;178;0;0
3;4;1741090814419;3013;9465;1331;940;64;80;268;178;0;0
3;4;1741090814437;3015;9465;1331;940;64;80;268;178;0;0
3;4;1741090814453;3017;9465;1331;940;64;80;268;178;0;0
3;4;1741090814470;3019;9465;1331;940;64;80;268;178;0;0
3;4;1741090814487;3021;9465;1331;940;64;80;268;178;0;0
3;4;1741090814503;3022;9465;1331;940;64;80;268;178;0;0
3;4;1741090814520;3023;9465;1331;940;64;80;268;178;0;0
3;4;1741090814537;3024;9465;1331;940;64;80;268;178;0;0
3;4;1741090814553;3025;9465;1331;940;64;80;268;178;0;0
3;4;1741090814569;3026;9465;1331;940;64;80;268;178;0;0
3;4;1741090814602;3027;9465;1331;940;64;80;268;178;0;0
3;4;1741090814635;3028;9465;1331;940;64;80;268;178;0;0
3;4;1741090814670;3029;9465;1331;940;64;80;268;178;0;0
3;4;1741090814733;3030;9465;1331;940;64;80;268;178;0;0
3;4;1741090815278;3033;9465;1331;940;64;80;268;178;0;0
3;4;1741090815285;3036;9465;1331;940;64;80;268;178;0;0
3;4;1741090815294;3037;9465;1331;940;64;80;268;178;0;0
3;4;1741090815302;3043;9465;1331;940;64;80;268;178;0;0
3;4;1741090815312;3044;9465;1331;940;64;80;268;178;0;0
3;4;1741090815318;3051;9465;1331;940;64;80;268;178;0;0
3;4;1741090815327;3055;9465;1331;940;64;80;268;178;0;0
3;4;1741090815339;3060;9465;1331;940;64;80;268;178;0;0
3;4;1741090815342;3063;9465;1331;940;64;80;268;178;0;0
3;4;1741090815351;3069;9465;1331;940;64;80;268;178;0;0
3;4;1741090815360;3076;9465;1331;940;64;80;268;178;0;0
3;4;1741090815385;3097;9465;1331;940;64;80;268;178;0;0
3;4;1741090815393;3105;9465;1331;940;64;80;268;178;0;0
3;4;1741090815401;3113;9465;1331;940;64;80;268;178;0;0
3;4;1741090815410;3121;9465;1331;940;64;80;268;178;0;0
3;4;1741090815418;3129;9465;1331;940;64;80;268;178;0;0
3;4;1741090815427;3137;9465;1331;940;64;80;268;178;0;0
3;4;1741090815436;3145;9465;1331;940;64;80;268;178;0;0
3;4;1741090815444;3152;9465;1331;940;64;80;268;178;0;0
3;4;1741090815453;3159;9465;1331;940;64;80;268;178;0;0
3;4;1741090815461;3166;9465;1331;940;64;80;268;178;0;0
3;4;1741090815469;3172;9465;1331;940;64;80;268;178;0;0
3;4;1741090815478;3178;9465;1331;940;64;80;268;178;0;0
3;4;1741090815485;3183;9465;1331;940;64;80;268;178;0;0
3;4;1741090815494;3188;9465;1331;940;64;80;268;178;0;0
3;4;1741090815502;3193;9465;1331;940;64;80;268;178;0;0
3;4;1741090815511;3198;9465;1331;940;64;80;268;178;0;0
3;4;1741090815519;3203;9465;1331;940;64;80;268;178;0;0
3;4;1741090815528;3207;9465;1331;940;64;80;268;178;0;0
3;4;1741090815535;3211;9465;1331;940;64;80;268;178;0;0
3;4;1741090815543;3215;9465;1331;940;64;80;268;178;0;0
3;4;1741090815551;3219;9465;1331;940;64;80;268;178;0;0
3;4;1741090815560;3223;9465;1331;940;64;80;268;178;0;0
3;4;1741090815568;3227;9465;1331;940;64;80;268;178;0;0
3;4;1741090815576;3230;9465;1331;940;64;80;268;178;0;0
3;4;1741090815585;3236;9465;1331;940;64;80;268;178;0;0
3;4;1741090815594;3239;9465;1331;940;64;80;268;178;0;0
3;4;1741090815603;3242;9465;1331;940;64;80;268;178;0;0
3;4;1741090815610;3245;9465;1331;940;64;80;268;178;0;0
3;4;1741090815628;3251;9465;1331;940;64;80;268;178;0;0
3;4;1741090815635;3254;9465;1331;940;64;80;268;178;0;0
3;4;1741090815644;3257;9465;1331;940;64;80;268;178;0;0
3;4;1741090815655;3260;9465;1331;940;64;80;268;178;0;0
3;4;1741090815661;3262;9465;1331;940;64;80;268;178;0;0
3;4;1741090815671;3264;9465;1331;940;64;80;268;178;0;0
3;4;1741090815677;3266;9465;1331;940;64;80;268;178;0;0
3;4;1741090815687;3268;9465;1331;940;64;80;268;178;0;0
3;4;1741090815694;3270;9465;1331;940;64;80;268;178;0;0
3;4;1741090815704;3272;9465;1331;940;64;80;268;178;0;0
3;4;1741090815711;3274;9465;1331;940;64;80;268;178;0;0
3;4;1741090815720;3276;9465;1331;940;64;80;268;178;0;0
3;4;1741090815728;3278;9465;1331;940;64;80;268;178;0;0
3;4;1741090815737;3280;9465;1331;940;64;80;268;178;0;0
3;4;1741090815744;3282;9465;1331;940;64;80;268;178;0;0
3;4;1741090815761;3283;9465;1331;940;64;80;268;178;0;0
3;4;1741090815778;3286;9465;1331;940;64;80;268;178;0;0
3;4;1741090815795;3288;9465;1331;940;64;80;268;178;0;0
3;4;1741090815811;3290;9465;1331;940;64;80;268;178;0;0
3;4;1741090815828;3292;9465;1331;940;64;80;268;178;0;0
3;4;1741090815845;3294;9465;1331;940;64;80;268;178;0;0
3;4;1741090815862;3295;9465;1331;940;64;80;268;178;0;0
3;4;1741090815895;3297;9465;1331;940;64;80;268;178;0;0
3;4;1741090815914;3298;9465;1331;940;64;80;268;178;0;0
3;4;1741090815921;3299;9465;1331;940;64;80;268;178;0;0
3;4;1741090815944;3300;9465;1331;940;64;80;268;178;0;0
3;4;1741090815978;3301;9465;1331;940;64;80;268;178;0;0
3;4;1741090816005;3302;9465;1331;940;64;80;268;178;0;0
3;4;1741090816044;3303;9465;1331;940;64;80;268;178;0;0
3;4;1741090816108;3304;9465;1331;940;64;80;268;178;0;0
3;4;1741090817757;3305;9465;1331;940;64;80;268;178;0;0
3;4;1741090817769;3307;9465;1331;940;64;80;268;178;0;0
3;4;1741090817778;3311;9465;1331;940;64;80;268;178;0;0
3;4;1741090817786;3314;9465;1331;940;64;80;268;178;0;0
3;4;1741090817794;3318;9465;1331;940;64;80;268;178;0;0
3;4;1741090817803;3325;9465;1331;940;64;80;268;178;0;0
3;4;1741090817810;3327;9465;1331;940;64;80;268;178;0;0
3;4;1741090817819;3335;9465;1331;940;64;80;268;178;0;0
3;4;1741090817827;3341;9465;1331;940;64;80;268;178;0;0
3;4;1741090817835;3348;9465;1331;940;64;80;268;178;0;0
3;4;1741090817843;3356;9465;1331;940;64;80;268;178;0;0
3;4;1741090817852;3364;9465;1331;940;64;80;268;178;0;0
3;4;1741090817860;3372;9465;1331;940;64;80;268;178;0;0
3;4;1741090817877;3388;9465;1331;940;64;80;268;178;0;0
3;4;1741090817885;3397;9465;1331;940;64;80;268;178;0;0
3;4;1741090817893;3406;9465;1331;940;64;80;268;178;0;0
3;4;1741090817902;3415;9465;1331;940;64;80;268;178;0;0
3;4;1741090817910;3423;9465;1331;940;64;80;268;178;0;0
3;4;1741090817918;3431;9465;1331;940;64;80;268;178;0;0
3;4;1741090817926;3439;9465;1331;940;64;80;268;178;0;0
3;4;1741090817935;3446;9465;1331;940;64;80;268;178;0;0
3;4;1741090817943;3453;9465;1331;940;64;80;268;178;0;0
3;4;1741090817952;3460;9465;1331;940;64;80;268;178;0;0
3;4;1741090817960;3467;9465;1331;940;64;80;268;178;0;0
3;4;1741090817968;3473;9465;1331;940;64;80;268;178;0;0
3;4;1741090817976;3479;9465;1331;940;64;80;268;178;0;0
3;4;1741090817985;3485;9465;1331;940;64;80;268;178;0;0
3;4;1741090817993;3490;9465;1331;940;64;80;268;178;0;0
3;4;1741090818002;3495;9465;1331;940;64;80;268;178;0;0
3;4;1741090818010;3500;9465;1331;940;64;80;268;178;0;0
3;4;1741090818018;3505;9465;1331;940;64;80;268;178;0;0
3;4;1741090818027;3510;9465;1331;940;64;80;268;178;0;0
3;4;1741090818035;3515;9465;1331;940;64;80;268;178;0;0
3;4;1741090818043;3519;9465;1331;940;64;80;268;178;0;0
3;4;1741090818051;3523;9465;1331;940;64;80;268;178;0;0
3;4;1741090818060;3527;9465;1331;940;64;80;268;178;0;0
3;4;1741090818068;3531;9465;1331;940;64;80;268;178;0;0
3;4;1741090818077;3535;9465;1331;940;64;80;268;178;0;0
3;4;1741090818085;3538;9465;1331;940;64;80;268;178;0;0
3;4;1741090818093;3541;9465;1331;940;64;80;268;178;0;0
3;4;1741090818101;3544;9465;1331;940;64;80;268;178;0;0
3;4;1741090818110;3547;9465;1331;940;64;80;268;178;0;0
3;4;1741090818127;3553;9465;1331;940;64;80;268;178;0;0
3;4;1741090818135;3556;9465;1331;940;64;80;268;178;0;0
3;4;1741090818143;3559;9465;1331;940;64;80;268;178;0;0
3;4;1741090818152;3562;9465;1331;940;64;80;268;178;0;0
3;4;1741090818160;3565;9465;1331;940;64;80;268;178;0;0
3;4;1741090818168;3568;9465;1331;940;64;80;268;178;0;0
3;4;1741090818176;3570;9465;1331;940;64;80;268;178;0;0
3;4;1741090818185;3572;9465;1331;940;64;80;268;178;0;0
3;4;1741090818193;3574;9465;1331;940;64;80;268;178;0;0
3;4;1741090818201;3576;9465;1331;940;64;80;268;178;0;0
3;4;1741090818210;3578;9465;1331;940;64;80;268;178;0;0
3;4;1741090818218;3580;9465;1331;940;64;80;268;178;0;0
3;4;1741090818227;3582;9465;1331;940;64;80;268;178;0;0
3;4;1741090818235;3584;9465;1331;940;64;80;268;178;0;0
3;4;1741090818243;3586;9465;1331;940;64;80;268;178;0;0
3;4;1741090818251;3588;9465;1331;940;64;80;268;178;0;0
3;4;1741090818261;3590;9465;1331;940;64;80;268;178;0;0
3;4;1741090818268;3592;9465;1331;940;64;80;268;178;0;0
3;4;1741090818277;3593;9465;1331;940;64;80;268;178;0;0
3;4;1741090818293;3596;9465;1331;940;64;80;268;178;0;0
3;4;1741090818311;3598;9465;1331;940;64;80;268;178;0;0
3;4;1741090818328;3600;9465;1331;940;64;80;268;178;0;0
3;4;1741090818353;3602;9465;1331;940;64;80;268;178;0;0
3;4;1741090818360;3604;9465;1331;940;64;80;268;178;0;0
3;4;1741090819149;3605;9465;1331;940;64;80;268;178;0;0
3;4;1741090819153;3606;9465;1331;940;64;80;268;178;0;0
3;4;1741090819169;3609;9465;1331;940;64;80;268;178;0;0
3;4;1741090819178;3610;9465;1331;940;64;80;268;178;0;0
3;4;1741090819188;3611;9465;1331;940;64;80;268;178;0;0
3;4;1741090819202;3612;9465;1331;940;64;80;268;178;0;0
3;4;1741090819210;3613;9465;1331;940;64;80;268;178;0;0
3;4;1741090819237;3614;9465;1331;940;64;80;268;178;0;0
3;4;1741090819243;3615;9465;1331;940;64;80;268;178;0;0
3;4;1741090819261;3616;9465;1331;940;64;80;268;178;0;0
3;4;1741090821448;3617;9465;1331;940;64;80;268;178;0;0
3;4;1741090821461;3626;9465;1331;940;64;80;268;178;0;0
3;4;1741090821468;3635;9465;1331;940;64;80;268;178;0;0
3;4;1741090821477;3648;9465;1331;940;64;80;268;178;0;0
3;4;1741090821484;3665;9465;1331;940;64;80;268;178;0;0
3;4;1741090821494;3690;9465;1331;940;64;80;268;178;0;0
3;4;1741090821501;3719;9465;1331;940;64;80;268;178;0;0
3;4;1741090821510;3752;9465;1331;940;64;80;268;178;0;0
3;4;1741090821518;3783;9465;1331;940;64;80;268;178;0;0
3;4;1741090821527;3832;9465;1331;940;64;80;268;178;0;0
3;4;1741090821535;3885;9465;1331;940;64;80;268;178;0;0
3;4;1741090821544;3941;9465;1331;940;64;80;268;178;0;0
3;4;1741090821552;3996;9465;1331;940;64;80;268;178;0;0
3;4;1741090821560;4052;9465;1331;940;64;80;268;178;0;0
3;4;1741090821568;4105;9465;1331;940;64;80;268;178;0;0
3;4;1741090821577;4158;9465;1331;940;64;80;268;178;0;0
3;4;1741090821586;4208;9465;1331;940;64;80;268;178;0;0
3;4;1741090821594;4258;9465;1331;940;64;80;268;178;0;0
3;4;1741090821602;4308;9465;1331;940;64;80;268;178;0;0
3;4;1741090821610;4355;9465;1331;940;64;80;268;178;0;0
3;4;1741090821627;4446;9465;1331;940;64;80;268;178;0;0
3;4;1741090821636;4491;9465;1331;940;64;80;268;178;0;0
3;4;1741090821645;4534;9465;1331;940;64;80;268;178;0;0
3;4;1741090821652;4577;9465;1331;940;64;80;268;178;0;0
3;4;1741090821661;4617;9465;1331;940;64;80;268;178;0;0
3;4;1741090821669;4657;9465;1331;940;64;80;268;178;0;0
3;4;1741090821677;4695;9465;1331;940;64;80;268;178;0;0
3;4;1741090822551;4696;9465;1331;940;64;80;268;178;0;0
3;4;1741090822569;4705;9465;1331;940;64;80;268;178;0;0
3;4;1741090822578;4713;9465;1331;940;64;80;268;178;0;0
3;4;1741090822585;4721;9465;1331;940;64;80;268;178;0;0
3;4;1741090822595;4728;9465;1331;940;64;80;268;178;0;0
3;4;1741090822603;4736;9465;1331;940;64;80;268;178;0;0
3;4;1741090822612;4741;9465;1331;940;64;80;268;178;0;0
3;4;1741090822627;4750;9465;1331;940;64;80;268;178;0;0
3;4;1741090822635;4763;9465;1331;940;64;80;268;178;0;0
3;4;1741090822644;4780;9465;1331;940;64;80;268;178;0;0
3;4;1741090822652;4789;9465;1331;940;64;80;268;178;0;0
3;4;1741090822660;4798;9465;1331;940;64;80;268;178;0;0
3;4;1741090822668;4807;9465;1331;940;64;80;268;178;0;0
3;4;1741090822677;4816;9465;1331;940;64;80;268;178;0;0
3;4;1741090822686;4827;9465;1331;940;64;80;268;178;0;0
3;4;1741090822693;4838;9465;1331;940;64;80;268;178;0;0
3;4;1741090822703;4849;9465;1331;940;64;80;268;178;0;0
3;4;1741090822712;4859;9465;1331;940;64;80;268;178;0;0
3;4;1741090822718;4869;9465;1331;940;64;80;268;178;0;0
3;4;1741090822727;4878;9465;1331;940;64;80;268;178;0;0
3;4;1741090822736;4886;9465;1331;940;64;80;268;178;0;0
3;4;1741090822744;4894;9465;1331;940;64;80;268;178;0;0
3;4;1741090822754;4902;9465;1331;940;64;80;268;178;0;0
3;4;1741090822760;4910;9465;1331;940;64;80;268;178;0;0
3;4;1741090822770;4918;9465;1331;940;64;80;268;178;0;0
3;4;1741090822776;4925;9465;1331;940;64;80;268;178;0;0
3;4;1741090822787;4932;9465;1331;940;64;80;268;178;0;0
3;4;1741090822792;4939;9465;1331;940;64;80;268;178;0;0
3;4;1741090822804;4946;9465;1331;940;64;80;268;178;0;0
3;4;1741090822810;4952;9465;1331;940;64;80;268;178;0;0
3;4;1741090822821;4958;9465;1331;940;64;80;268;178;0;0
3;4;1741090822826;4963;9465;1331;940;64;80;268;178;0;0
3;4;1741090822838;4968;9465;1331;940;64;80;268;178;0;0
3;4;1741090822842;4973;9465;1331;940;64;80;268;178;0;0
3;4;1741090822855;4978;9465;1331;940;64;80;268;178;0;0
3;4;1741090822860;4982;9465;1331;940;64;80;268;178;0;0
3;4;1741090822885;4994;9465;1331;940;64;80;268;178;0;0
3;4;1741090822894;4998;9465;1331;940;64;80;268;178;0;0
3;4;1741090822902;5002;9465;1331;940;64;80;268;178;0;0
3;4;1741090822910;5005;9465;1331;940;64;80;268;178;0;0
3;4;1741090822919;5008;9465;1331;940;64;80;268;178;0;0
3;4;1741090822927;5011;9465;1331;940;64;80;268;178;0;0
3;4;1741090822936;5014;9465;1331;940;64;80;268;178;0;0
3;4;1741090822944;5017;9465;1331;940;64;80;268;178;0;0
3;4;1741090822953;5020;9465;1331;940;64;80;268;178;0;0
3;4;1741090822959;5023;9465;1331;940;64;80;268;178;0;0
3;4;1741090822970;5026;9465;1331;940;64;80;268;178;0;0
3;4;1741090822978;5029;9465;1331;940;64;80;268;178;0;0
3;4;1741090822986;5032;9465;1331;940;64;80;268;178;0;0
3;4;1741090822996;5035;9465;1331;940;64;80;268;178;0;0
3;4;1741090823001;5037;9465;1331;940;64;80;268;178;0;0
3;4;1741090823029;5041;9465;1331;940;64;80;268;178;0;0
3;4;1741090823035;5045;9465;1331;940;64;80;268;178;0;0
3;4;1741090823043;5047;9465;1331;940;64;80;268;178;0;0
3;4;1741090823052;5049;9465;1331;940;64;80;268;178;0;0
3;4;1741090823059;5051;9465;1331;940;64;80;268;178;0;0
3;4;1741090823073;5053;9465;1331;940;64;80;268;178;0;0
3;4;1741090823081;5055;9465;1331;940;64;80;268;178;0;0
3;4;1741090823089;5057;9465;1331;940;64;80;268;178;0;0
3;4;1741090823098;5059;9465;1331;940;64;80;268;178;0;0
3;4;1741090823106;5060;9465;1331;940;64;80;268;178;0;0
3;4;1741090823131;5063;9465;1331;940;64;80;268;178;0;0
3;4;1741090823148;5065;9465;1331;940;64;80;268;178;0;0
3;4;1741090823166;5067;9465;1331;940;64;80;268;178;0;0
3;4;1741090823182;5069;9465;1331;940;64;80;268;178;0;0
3;4;1741090823200;5071;9465;1331;940;64;80;268;178;0;0
3;4;1741090823214;5072;9465;1331;940;64;80;268;178;0;0
3;4;1741090823232;5073;9465;1331;940;64;80;268;178;0;0
3;4;1741090823248;5074;9465;1331;940;64;80;268;178;0;0
3;4;1741090823266;5075;9465;1331;940;64;80;268;178;0;0
3;4;1741090823281;5076;9465;1331;940;64;80;268;178;0;0
3;4;1741090823315;5077;9465;1331;940;64;80;268;178;0;0
3;4;1741090823349;5078;9465;1331;940;64;80;268;178;0;0
3;4;1741090823446;5080;9465;1331;940;64;80;268;178;0;0
3;4;1741090823843;5081;9465;1331;940;64;80;268;178;0;0
3;4;1741090823849;5084;9465;1331;940;64;80;268;178;0;0
3;4;1741090823855;5085;9465;1331;940;64;80;268;178;0;0
3;4;1741090823873;5108;9465;1331;940;64;80;268;178;0;0
3;4;1741090823881;5120;9465;1331;940;64;80;268;178;0;0
3;4;1741090823890;5133;9465;1331;940;64;80;268;178;0;0
3;4;1741090823898;5142;9465;1331;940;64;80;268;178;0;0
3;4;1741090823905;5161;9465;1331;940;64;80;268;178;0;0
3;4;1741090823914;5172;9465;1331;940;64;80;268;178;0;0
3;4;1741090823922;5192;9465;1331;940;64;80;268;178;0;0
3;4;1741090823931;5215;9465;1331;940;64;80;268;178;0;0
3;4;1741090823939;5265;9465;1331;940;64;80;268;178;0;0
3;4;1741090823950;5292;9465;1331;940;64;80;268;178;0;0
3;4;1741090823955;5317;9465;1331;940;64;80;268;178;0;0
3;4;1741090823964;5345;9465;1331;940;64;80;268;178;0;0
3;4;1741090823972;5373;9465;1331;940;64;80;268;178;0;0
3;4;1741090823981;5400;9465;1331;940;64;80;268;178;0;0
3;4;1741090823989;5426;9465;1331;940;64;80;268;178;0;0
3;4;1741090823998;5451;9465;1331;940;64;80;268;178;0;0
3;4;1741090824006;5475;9465;1331;940;64;80;268;178;0;0
3;4;1741090824014;5498;9465;1331;940;64;80;268;178;0;0
3;4;1741090824023;5521;9465;1331;940;64;80;268;178;0;0
3;4;1741090824031;5542;9465;1331;940;64;80;268;178;0;0
3;4;1741090824040;5563;9465;1331;940;64;80;268;178;0;0
3;4;1741090824049;5583;9465;1331;940;64;80;268;178;0;0
3;4;1741090825403;5584;9465;1331;940;64;80;268;178;0;0
3;4;1741090825414;5587;9465;1331;940;64;80;268;178;0;0
3;4;1741090825423;5595;9465;1331;940;64;80;268;178;0;0
3;4;1741090825431;5605;9465;1331;940;64;80;268;178;0;0
3;4;1741090825440;5618;9465;1331;940;64;80;268;178;0;0
3;4;1741090825447;5633;9465;1331;940;64;80;268;178;0;0
3;4;1741090825455;5656;9465;1331;940;64;80;268;178;0;0
3;4;1741090825465;5683;9465;1331;940;64;80;268;178;0;0
3;4;1741090825473;5714;9465;1331;940;64;80;268;178;0;0
3;4;1741090825483;5747;9465;1331;940;64;80;268;178;0;0
3;4;1741090825489;5782;9465;1331;940;64;80;268;178;0;0
3;4;1741090825498;5817;9465;1331;940;64;80;268;178;0;0
3;4;1741090825505;5851;9465;1331;940;64;80;268;178;0;0
3;4;1741090825514;5888;9465;1331;940;64;80;268;178;0;0
3;4;1741090825522;5923;9465;1331;940;64;80;268;178;0;0
3;4;1741090825530;5957;9465;1331;940;64;80;268;178;0;0
3;4;1741090825539;5991;9465;1331;940;64;80;268;178;0;0
3;4;1741090825547;6023;9465;1331;940;64;80;268;178;0;0
3;4;1741090825555;6055;9465;1331;940;64;80;268;178;0;0
3;4;1741090825564;6085;9465;1331;940;64;80;268;178;0;0
3;4;1741090825572;6114;9465;1331;940;64;80;268;178;0;0
3;4;1741090825581;6142;9465;1331;940;64;80;268;178;0;0
3;4;1741090825589;6170;9465;1331;940;64;80;268;178;0;0
3;4;1741090825597;6197;9465;1331;940;64;80;268;178;0;0
3;4;1741090825605;6222;9465;1331;940;64;80;268;178;0;0
3;4;1741090826309;6280;9465;1331;940;64;80;268;178;0;0
3;4;1741090826315;6294;9465;1331;940;64;80;268;178;0;0
3;4;1741090826333;6349;9465;1331;940;64;80;268;178;0;0
3;4;1741090826339;6380;9465;1331;940;64;80;268;178;0;0
3;4;1741090826349;6412;9465;1331;940;64;80;268;178;0;0
3;4;1741090826356;6444;9465;1331;940;64;80;268;178;0;0
3;4;1741090826382;6542;9465;1331;940;64;80;268;178;0;0
3;4;1741090826389;6573;9465;1331;940;64;80;268;178;0;0
3;4;1741090826399;6603;9465;1331;940;64;80;268;178;0;0
3;4;1741090826406;6633;9465;1331;940;64;80;268;178;0;0
3;4;1741090826415;6661;9465;1331;940;64;80;268;178;0;0
3;4;1741090826423;6688;9465;1331;940;64;80;268;178;0;0
3;4;1741090826431;6715;9465;1331;940;64;80;268;178;0;0
3;4;1741090826440;6741;9465;1331;940;64;80;268;178;0;0
3;4;1741090826447;6766;9465;1331;940;64;80;268;178;0;0
3;4;1741090826456;6790;9465;1331;940;64;80;268;178;0;0
3;4;1741090826464;6813;9465;1331;940;64;80;268;178;0;0
3;4;1741090826472;6834;9465;1331;940;64;80;268;178;0;0
3;4;1741090826481;6855;9465;1331;940;64;80;268;178;0;0
3;4;1741090826489;6876;9465;1331;940;64;80;268;178;0;0
3;4;1741090826498;6895;9465;1331;940;64;80;268;178;0;0
3;4;1741090826506;6914;9465;1331;940;64;80;268;178;0;0
3;4;1741090826514;6933;9465;1331;940;64;80;268;178;0;0
3;4;1741090826522;6950;9465;1331;940;64;80;268;178;0;0
3;4;1741090826531;6967;9465;1331;940;64;80;268;178;0;0
3;4;1741090826539;6982;9465;1331;940;64;80;268;178;0;0
3;4;1741090826548;6997;9465;1331;940;64;80;268;178;0;0
3;4;1741090826556;7012;9465;1331;940;64;80;268;178;0;0
3;4;1741090826564;7025;9465;1331;940;64;80;268;178;0;0
3;4;1741090826573;7038;9465;1331;940;64;80;268;178;0;0
3;4;1741090826581;7051;9465;1331;940;64;80;268;178;0;0
3;4;1741090826590;7064;9465;1331;940;64;80;268;178;0;0
3;4;1741090826598;7075;9465;1331;940;64;80;268;178;0;0
3;4;1741090826608;7086;9465;1331;940;64;80;268;178;0;0
3;4;1741090826631;7118;9465;1331;940;64;80;268;178;0;0
3;4;1741090826649;7128;9465;1331;940;64;80;268;178;0;0
3;4;1741090826656;7137;9465;1331;940;64;80;268;178;0;0
3;4;1741090826665;7146;9465;1331;940;64;80;268;178;0;0
3;4;1741090826673;7154;9465;1331;940;64;80;268;178;0;0
3;4;1741090826715;7155;9465;1331;940;64;80;268;178;0;0
3;4;1741090826723;7171;9465;1331;940;64;80;268;178;0;0
3;4;1741090826731;7173;9465;1331;940;64;80;268;178;0;0
3;4;1741090826739;7232;9465;1331;940;64;80;268;178;0;0
3;4;1741090826747;7327;9465;1331;940;64;80;268;178;0;0
3;4;1741090826755;7749;9465;1331;940;64;80;268;178;0;0
3;4;1741090826763;8068;9465;1331;940;64;80;268;178;0;0
3;4;1741090826772;8232;9465;1331;940;64;80;268;178;0;0
3;4;1741090826781;8385;9465;1331;940;64;80;268;178;0;0
3;4;1741090826789;8525;9465;1331;940;64;80;268;178;0;0
3;5;1741090833188;8525;9465;1331;940;64;80;268;178;0;0
3;5;1741090836268;0;8060;1331;940;64;80;239;149;0;1
